"CView Export Data File: Version 2.0"
"Export From File: c:\users\owner1\desktop\data\idei\m1\pec_newdataset\no_10_deposition_3h_air_4.txt"


  Open Circuit Potential (V): -0.3295
"E (Volts)"	"I (Amps/cm^2~)"
-0.49794891	-2.063E-05
-0.47740021	-1.3871E-05
-0.45715439	-9.5174E-06
-0.43751481	-6.2076E-06
-0.4173297	-3.5703E-06
-0.39423499	-1.2234E-06
-0.37392861	3.8884E-07
-0.3546527	1.6748E-06
-0.33580121	2.8649E-06
-0.3152523	4.0953E-06
-0.29306689	5.6465E-06
-0.27203321	7.3862E-06
-0.25178739	9.4274E-06
-0.23129921	1.1664E-05
-0.2133569	1.3878E-05
-0.1922625	1.6756E-05
-0.1695922	2.0162E-05
-0.14965241	2.3352E-05
-0.1302107	2.6671E-05
-0.1111692	3.0318E-05
-0.091666937	3.422E-05
-0.070497558	3.8856E-05
-0.048279408	4.4141E-05
-0.02824972	4.919E-05
-0.0084200911	5.416E-05
0.01239769	5.9609E-05
0.031366471	6.447E-05
0.051384032	6.9239E-05
0.071268223	7.4021E-05
0.091819271	7.8123E-05
0.1120369	8.2328E-05
0.131715	8.5927E-05
0.1517386	8.9173E-05
0.17042241	9.1953E-05
0.1895064	9.4805E-05
0.2092572	9.7329E-05
0.2312613	9.9871E-05
0.25211331	0.00010195
0.2722984	0.00010418
0.29466569	0.0001065
0.31497201	0.00010823
0.3348541	0.00011021
0.354433	0.00011195
0.37352699	0.0001138
0.3937121	0.00011558
0.41401851	0.0001174
0.43493101	0.00011902
0.45554039	0.00012094
0.47378591	0.00012278
0.49439529	0.00012493
0.51627767	0.00012715
0.53609908	0.00012971
0.55579931	0.00013235
0.57586318	0.00013546
0.59750313	0.00013981
0.61453623	0.00014444
0.63556987	0.00015249
0.6564824	0.00016495
0.67606151	0.00018385
0.69715577	0.0002188
0.71643168	0.0002721
0.73594999	0.0003579
0.75668073	0.0004967
0.77644151	0.00068146
0.79711151	0.00093395
0.7863825	0.00080449
0.76462132	0.00057619
0.74419379	0.00041738
0.72449362	0.00030981
0.70430851	0.00023699
0.68236548	0.00018909
0.65811908	0.00015962
0.63781267	0.0001457
0.61835498	0.00013736
0.59798801	0.00013148
0.57586318	0.00012711
0.5576784	0.00012422
0.53706902	0.00012155
0.51658082	0.000119
0.49639559	0.00011662
0.475968	0.00011446
0.45354009	0.00011203
0.43359751	0.00011014
0.41123021	0.0001079
0.389469	0.00010565
0.37116301	0.00010392
0.35085669	0.00010193
0.3310959	9.9993E-05
0.31109259	9.7905E-05
0.290665	9.5873E-05
0.27144971	9.3773E-05
0.25144649	9.1595E-05
0.2314432	8.9361E-05
0.2113793	8.6619E-05
0.1893757	8.3712E-05
0.17052411	8.1109E-05
0.1507262	7.802E-05
0.13069651	7.4543E-05
0.1098787	7.0708E-05
0.091310032	6.683E-05
0.070625633	6.2146E-05
0.05068082	5.7467E-05
0.029923661	5.2321E-05
0.0097666681	4.7066E-05
-0.0100569	4.1957E-05
-0.03012296	3.6635E-05
-0.050480001	3.1647E-05
-0.070024706	2.7011E-05
-0.090903103	2.2496E-05
-0.1131758	1.8109E-05
-0.1347817	1.4422E-05
-0.1536717	1.1447E-05
-0.17660519	8.2625E-06
-0.19574369	5.8308E-06
-0.2181455	3.4131E-06
-0.2424525	1.0525E-06
-0.2613647	-4.999E-07
-0.2813074	-1.8548E-06
-0.30440211	-3.0688E-06
-0.32422349	-3.7917E-06
-0.3442874	-4.4381E-06
-0.36713961	-5.0379E-06
-0.38768849	-5.8092E-06
-0.40750989	-6.8468E-06
-0.42914981	-8.5253E-06
-0.44691029	-1.0468E-05
-0.46970189	-1.3862E-05
-0.48982641	-1.7718E-05
-0.49570611	-1.9026E-05
-0.48158261	-1.3716E-05
-0.46212491	-9.8406E-06
-0.4384847	-6.2586E-06
-0.41969371	-4.013E-06
-0.39981171	-2.0846E-06
-0.3792628	-4.6627E-07
-0.3571986	9.9744E-07
-0.3356193	2.2742E-06
-0.3153736	3.3658E-06
-0.29294571	4.6792E-06
-0.27148759	6.1995E-06
-0.2514843	7.7537E-06
-0.23081429	9.6421E-06
-0.21208391	1.1575E-05
-0.19135331	1.3951E-05
-0.17238051	1.6305E-05
-0.1508285	1.9118E-05
-0.1299925	2.2102E-05
-0.109684	2.5239E-05
-0.091163777	2.851E-05
-0.069939829	3.2527E-05
-0.046988141	3.7297E-05
-0.02708577	4.1653E-05
-0.0066499119	4.6368E-05
0.01336765	5.0998E-05
0.034530971	5.6114E-05
0.055088069	6.0695E-05
0.074305423	6.4761E-05
0.09446241	6.8906E-05
0.1132311	7.234E-05
0.1321211	7.5562E-05
0.1559276	7.9416E-05
0.1754117	8.2104E-05
0.19509581	8.4604E-05
0.2138039	8.7007E-05
0.2362318	8.9477E-05
0.25344679	9.1431E-05
0.275511	9.3573E-05
0.29612049	9.5812E-05
0.3156994	9.7408E-05
0.33455101	9.9143E-05
0.35449359	0.00010111
0.37419379	0.00010277
0.39425769	0.00010467
0.41614011	0.00010668
0.43432489	0.0001084
0.45620719	0.00011062
0.47645289	0.00011265
0.49566829	0.00011471
0.51579279	0.00011715
0.53385627	0.00011948
0.55464762	0.00012235
0.5747115	0.00012599
0.59671509	0.00013059
0.61756688	0.00013715
0.6370247	0.00014583
0.65733099	0.00015967
0.67648572	0.00018071
0.69624662	0.00021698
0.71831071	0.00028538
0.73861712	0.00038834
0.75825667	0.00053381
0.77710831	0.00072324
0.79741448	0.00098343
0.78389728	0.00081056
0.76292408	0.0005868
0.74279958	0.00042381
0.72388738	0.00031479
0.70376289	0.00023723
0.68151689	0.00018508
0.66157418	0.00015798
0.64084351	0.00014124
0.62102211	0.00013133
0.59865481	0.00012434
0.57762098	0.00011975
0.55549622	0.00011606
0.53640223	0.00011357
0.51645952	0.000111
0.49609259	0.00010885
0.47681671	0.00010687
0.45663151	0.00010467
0.4348098	0.00010272
0.41462469	0.00010065
0.3926211	9.8676E-05
0.3737089	9.6971E-05
0.35303879	9.5047E-05
0.33291429	9.3209E-05
0.31242609	9.1194E-05
0.29351401	8.9386E-05
0.2738744	8.7389E-05
0.2532649	8.5253E-05
0.23314039	8.2887E-05
0.21271279	8.0502E-05
0.1942856	7.7996E-05
0.1724638	7.5004E-05
0.1512354	7.18E-05
0.1306783	6.8487E-05
0.1098484	6.4646E-05
0.090770498	6.1029E-05
0.07014671	5.6696E-05
0.050189771	5.2206E-05
0.030178269	4.7412E-05
0.0090270732	4.2181E-05
-0.01250605	3.6957E-05
-0.033184402	3.189E-05
-0.053462628	2.7308E-05
-0.073407441	2.303E-05
-0.092891522	1.9183E-05
-0.1146308	1.5418E-05
-0.1348363	1.2156E-05
-0.1543809	9.4298E-06
-0.1753806	6.6998E-06
-0.1943979	4.6908E-06
-0.21378119	2.6726E-06
-0.2340875	8.4149E-07
-0.2552425	-7.8266E-07
-0.27463961	-1.9312E-06
-0.29397619	-2.9706E-06
-0.31476739	-3.7298E-06
-0.335195	-4.3277E-06
-0.354774	-4.8038E-06
-0.3752622	-5.3544E-06
-0.39478049	-6.0087E-06
-0.41660231	-7.1724E-06
-0.43654501	-8.7315E-06
-0.4587304	-1.1134E-05
-0.4792186	-1.4168E-05
-0.49164489	-1.6398E-05
