"CView Export Data File: Version 2.0"
"Export From File: c:\users\owner1\desktop\data\idei\m1\20221220\pec\fto_tio2_hematite_new_700_8.txt"


  Open Circuit Potential (V): -0.2959
"E (Volts)"	"I (Amps/cm^2~)"
-0.49800959	-2.8774E-05
-0.47982469	-1.7086E-05
-0.4587304	-1.0659E-05
-0.43733299	-6.5684E-06
-0.4165417	-4.0221E-06
-0.39678079	-2.3872E-06
-0.37453479	-1.0956E-06
-0.353986	-2.2176E-07
-0.33264911	5.3249E-07
-0.30852401	1.3058E-06
-0.28773269	2.1687E-06
-0.2667596	3.7066E-06
-0.24760491	6.322E-06
-0.2268136	1.1091E-05
-0.2039008	1.9394E-05
-0.1829277	2.9608E-05
-0.1604735	4.2995E-05
-0.140462	5.6903E-05
-0.1203778	7.2176E-05
-0.099378131	8.9962E-05
-0.080239601	0.00010804
-0.060306922	0.00013029
-0.039901368	0.0001576
-0.02102958	0.00018853
0.00049748342	0.00023311
0.01955721	0.00028113
0.040490169	0.0003442
0.06154437	0.00041714
0.08293806	0.00050009
0.1053138	0.00059244
0.124907	0.00067667
0.144573	0.00076326
0.1634327	0.00084621
0.18381999	0.00093571
0.20267969	0.0010175
0.22095659	0.0010931
0.24205101	0.0011777
0.26266041	0.0012567
0.2824212	0.0013303
0.30218199	0.001401
0.3240644	0.0014725
0.34279469	0.0015322
0.36261621	0.0015913
0.38413489	0.0016513
0.40413809	0.0017054
0.42735401	0.0017646
0.44875151	0.0018149
0.46820921	0.0018592
0.4885762	0.0019029
0.50876129	0.0019448
0.52852207	0.0019815
0.5482223	0.0020175
0.56683141	0.0020517
0.58647102	0.0020838
0.60726231	0.0021177
0.62829602	0.0021486
0.64969349	0.002179
0.66999978	0.0022093
0.69133669	0.0022402
0.70988512	0.0022663
0.73007017	0.0022935
0.74946737	0.0023141
0.76837963	0.0023384
0.79226232	0.0023663
0.7886253	0.0023626
0.76837963	0.0023341
0.75019479	0.0023135
0.73019153	0.0022863
0.71024883	0.002259
0.68909383	0.0022287
0.66721147	0.0021959
0.64538968	0.0021626
0.62344682	0.0021286
0.60483772	0.0020965
0.58501631	0.0020656
0.56380057	0.0020262
0.54367608	0.001988
0.52464271	0.0019516
0.50263911	0.0019019
0.47881699	0.0018559
0.45935929	0.0018116
0.43953791	0.0017655
0.41898909	0.001714
0.39850089	0.0016546
0.37346649	0.0015891
0.35085669	0.0015224
0.32879251	0.0014505
0.30854669	0.0013819
0.2865431	0.0013015
0.26472139	0.0012183
0.2462941	0.001145
0.2247754	0.0010566
0.2040448	0.00096718
0.1833747	0.0008761
0.1622197	0.0007809
0.14285129	0.00069268
0.1224458	0.0006016
0.1034406	0.00051919
0.08336848	0.00043655
0.063635848	0.0003616
0.043296989	0.00029332
0.022497401	0.00023529
0.00043686101	0.0001866
-0.02162974	0.00015032
-0.040768269	0.00012456
-0.060228109	0.0001031
-0.079894058	8.3827E-05
-0.1006209	6.7249E-05
-0.1204808	5.2309E-05
-0.1406742	3.8753E-05
-0.1596733	2.7442E-05
-0.184862	1.5137E-05
-0.2027941	8.3911E-06
-0.2246315	2.7017E-06
-0.24566519	-5.8196E-07
-0.26657769	-2.1683E-06
-0.28652039	-2.9706E-06
-0.30640239	-3.3532E-06
-0.3269513	-3.6722E-06
-0.34568161	-4.0882E-06
-0.36610919	-4.8608E-06
-0.38574871	-6.1057E-06
-0.40690371	-8.3052E-06
-0.42751321	-1.177E-05
-0.44745579	-1.7102E-05
-0.4667317	-2.4939E-05
-0.4860076	-3.6784E-05
-0.49710029	-4.5813E-05
-0.4789761	-2.5291E-05
-0.45921531	-1.5187E-05
-0.4356963	-8.3864E-06
-0.4127835	-4.7316E-06
-0.39235589	-2.7329E-06
-0.37029171	-1.2748E-06
-0.3497428	-2.5358E-07
-0.3282848	5.5983E-07
-0.30906951	1.2148E-06
-0.28670219	2.0723E-06
-0.2661534	3.2263E-06
-0.2469988	5.1049E-06
-0.22984441	7.9175E-06
-0.20771959	1.3792E-05
-0.1864434	2.2059E-05
-0.1662145	3.2187E-05
-0.1468638	4.3753E-05
-0.1279799	5.6575E-05
-0.1071742	7.2249E-05
-0.087023273	8.9252E-05
-0.06661772	0.00010847
-0.046739589	0.00013035
-0.028395221	0.00015438
-0.0079169236	0.00018731
0.01347677	0.00023202
0.034543101	0.00028689
0.055476051	0.00035317
0.075342059	0.00042539
0.094607897	0.00050258
0.1152741	0.00059008
0.13514011	0.00067764
0.15473939	0.00076483
0.1752601	0.00085512
0.1953201	0.00094384
0.21507689	0.0010268
0.23653489	0.0011151
0.2584779	0.0012015
0.2804209	0.0012839
0.3022427	0.0013633
0.3244887	0.0014393
0.34637111	0.0015105
0.36625311	0.0015714
0.3878324	0.0016327
0.4063203	0.0016824
0.4269903	0.0017331
0.44650871	0.0017813
0.4662089	0.001825
0.48596969	0.0018672
0.50803387	0.0019146
0.53034061	0.0019566
0.55228359	0.0019967
0.57574189	0.0020147
0.59738189	0.0020517
0.61938548	0.0021098
0.64017677	0.0021432
0.66205913	0.0021717
0.68212301	0.0022002
0.70176262	0.0022275
0.72376621	0.0022541
0.745103	0.0022838
0.76425773	0.0023057
0.78565508	0.0023305
0.79589921	0.0023438
0.77553231	0.0023111
0.7552259	0.002285
0.73358601	0.0022578
0.7115218	0.0022268
0.69030619	0.0021965
0.67242438	0.0021723
0.64963287	0.0021377
0.62938708	0.0021062
0.60950512	0.0020777
0.59022921	0.0020413
0.56943792	0.0020056
0.55004078	0.0019753
0.52870399	0.0019334
0.50906438	0.0018953
0.48760629	0.0018492
0.4673	0.0018049
0.44699359	0.0017564
0.42838451	0.0017116
0.40644151	0.0016558
0.38722631	0.0016006
0.36631379	0.0015441
0.34576491	0.0014785
0.32727709	0.0014164
0.3070313	0.0013468
0.28539139	0.001268
0.26332721	0.0011821
0.24283899	0.0010997
0.2227145	0.0010164
0.204166	0.00093559
0.1839809	0.00084572
0.16028	0.00073985
0.1381409	0.00063986
0.1180082	0.00055006
0.097996697	0.00046529
0.078464113	0.00038707
0.059937868	0.00031855
0.039538391	0.00025754
0.019272281	0.00020661
-0.005455649	0.00015986
-0.02518828	0.00013201
-0.044714801	0.00010876
-0.065568946	8.816E-05
-0.084968157	7.1557E-05
-0.1045614	5.6223E-05
-0.1247487	4.2297E-05
-0.1451481	2.9918E-05
-0.16620231	1.9056E-05
-0.1850681	1.1134E-05
-0.2053221	5.1571E-06
-0.22620749	9.6423E-07
-0.24615011	-1.2278E-06
-0.26663831	-2.4218E-06
-0.28682351	-3.0082E-06
-0.30664489	-3.3066E-06
-0.32676941	-3.6407E-06
-0.34671211	-4.0985E-06
-0.3696855	-5.0457E-06
-0.39023429	-6.4411E-06
-0.4096314	-8.5289E-06
-0.43139261	-1.2144E-05
-0.45230511	-1.7643E-05
-0.47358131	-2.6292E-05
-0.48837161	-3.4915E-05
