"CView Export Data File: Version 2.0"
"Export From File: c:\users\owner1\desktop\data\idei\m1\20221220\pec\fto_hematite_new_700_9.txt"


  Open Circuit Potential (V): -0.3473
"E (Volts)"	"I (Amps/cm^2~)"
-0.4981308	-7.4465E-06
-0.4792186	-4.3071E-06
-0.4595184	-2.6062E-06
-0.4389089	-1.3812E-06
-0.4184207	-5.1166E-07
-0.39902371	1.0421E-07
-0.3818087	5.5649E-07
-0.3602294	1.1653E-06
-0.3398625	1.7897E-06
-0.31967729	2.33E-06
-0.29882541	3.3876E-06
-0.27973139	4.7478E-06
-0.25590929	7.8592E-06
-0.23620909	1.2168E-05
-0.2167514	1.8571E-05
-0.1949902	2.8425E-05
-0.17116819	4.2442E-05
-0.1512589	5.6824E-05
-0.1308412	7.3906E-05
-0.1114299	9.2547E-05
-0.08955729	0.00011542
-0.067284562	0.00014029
-0.047345821	0.00016367
-0.025412589	0.0001899
-0.0053344038	0.00021522
0.01473772	0.00023984
0.03445822	0.00026409
0.0551305	0.00028944
0.0771183	0.00031551
0.095917352	0.00033698
0.1161835	0.00035978
0.1353766	0.00038046
0.15563659	0.00039992
0.1743083	0.00041738
0.1940289	0.0004343
0.2130765	0.00044819
0.2339284	0.00046389
0.25508341	0.00047802
0.2765415	0.00049039
0.29727209	0.00050185
0.3156994	0.00051077
0.3364301	0.00051998
0.35649401	0.00052823
0.37692159	0.00053611
0.39565191	0.00054321
0.41438219	0.00054988
0.4357191	0.00055588
0.4559648	0.00056285
0.47778651	0.00056958
0.4979111	0.00057613
0.51730812	0.0005811
0.53658408	0.0005879
0.55689043	0.00059396
0.57853031	0.00060033
0.5982911	0.00060669
0.61817318	0.00061245
0.63920689	0.00061973
0.66084683	0.00062786
0.67787993	0.00063465
0.69988352	0.00064423
0.72012931	0.00065429
0.73946571	0.00066375
0.75959021	0.000678
0.77807808	0.00069431
0.79874808	0.00072027
0.78377599	0.00069771
0.76219672	0.00067649
0.74273902	0.00066108
0.72303891	0.00064987
0.70206559	0.00063932
0.68224418	0.00063016
0.66193789	0.00062179
0.6428439	0.00061391
0.62090093	0.00060621
0.59974593	0.00059893
0.57998508	0.00059366
0.56131542	0.00058674
0.54149401	0.00058013
0.52209687	0.00057486
0.50197232	0.00056764
0.48336321	0.00056158
0.4590562	0.00055388
0.44008341	0.00054703
0.4196558	0.00054042
0.3992888	0.0005329
0.3797099	0.00052489
0.35867611	0.00051628
0.33836979	0.00050731
0.31885141	0.00049882
0.29527181	0.00048687
0.2769658	0.00047657
0.25575021	0.00046371
0.2355651	0.00045086
0.2151375	0.000436
0.1952554	0.00041993
0.1733731	0.00040198
0.1512233	0.00038106
0.13241211	0.00036105
0.1123461	0.00033983
0.090746246	0.00031533
0.068073407	0.00028829
0.047873989	0.00026379
0.027013781	0.0002376
0.0074751358	0.0002137
-0.0098507823	0.00019236
-0.03071706	0.00016744
-0.05018295	0.00014465
-0.068848632	0.00012256
-0.092697538	9.7183E-05
-0.1113693	7.8372E-05
-0.131696	5.9822E-05
-0.1518833	4.3893E-05
-0.1716826	3.013E-05
-0.1909363	1.9189E-05
-0.21132369	1.0361E-05
-0.23275401	4.0868E-06
-0.25275731	2.6216E-07
-0.27276051	-2.0192E-06
-0.2936731	-3.1677E-06
-0.31319141	-3.4005E-06
-0.33380091	-3.4096E-06
-0.35386479	-3.1901E-06
-0.37362561	-3.047E-06
-0.39362881	-3.0525E-06
-0.41466251	-3.1343E-06
-0.4324837	-3.4624E-06
-0.45563889	-4.5473E-06
-0.4756422	-6.3871E-06
-0.49437261	-9.4568E-06
-0.48406789	-6.2489E-06
-0.46400401	-3.6716E-06
-0.44351581	-2.0343E-06
-0.4238762	-9.7443E-07
-0.40223631	-7.3792E-08
-0.38320291	5.1982E-07
-0.3590171	1.2348E-06
-0.33883199	1.7691E-06
-0.3194955	2.3967E-06
-0.29827991	3.3645E-06
-0.27645811	4.9127E-06
-0.25639421	6.8672E-06
-0.2357848	1.0832E-05
-0.21499351	1.6575E-05
-0.1938992	2.4875E-05
-0.1723199	3.6556E-05
-0.1545568	4.8055E-05
-0.1314171	6.5653E-05
-0.1094778	8.5235E-05
-0.09086068	0.00010431
-0.067593738	0.00012811
-0.049170561	0.00014873
-0.029165121	0.0001726
-0.0084988996	0.0001971
0.01183996	0.00022207
0.033239711	0.00024845
0.053172398	0.00027222
0.071777463	0.00029423
0.091982938	0.00031758
0.1126492	0.00034086
0.1323151	0.00036166
0.1511869	0.00038033
0.1710408	0.00039919
0.1909795	0.00041641
0.21017259	0.00043176
0.2310189	0.00044491
0.2512646	0.00045916
0.27035871	0.00046959
0.29060441	0.00048245
0.311032	0.00049294
0.33055031	0.00050125
0.34958369	0.00050889
0.37340581	0.00051889
0.3915906	0.00052514
0.41213939	0.00053332
0.43353689	0.00053981
0.45511621	0.00054703
0.47481641	0.00055321
0.49500149	0.0005597
0.51439857	0.00056479
0.5337351	0.00057158
0.55379897	0.00057825
0.57355982	0.00058444
0.59265381	0.00059069
0.61253589	0.00059632
0.63205421	0.00060269
0.65042078	0.000609
0.67115152	0.00061773
0.69163972	0.00062592
0.71085501	0.00063477
0.73140383	0.00064562
0.7498917	0.0006589
0.77025872	0.00067564
0.78971642	0.0006971
0.79317153	0.00070068
0.77353197	0.00067515
0.75389242	0.00065787
0.73467708	0.00064344
0.71479499	0.00063149
0.69485241	0.00062173
0.67424297	0.0006127
0.65496713	0.00060512
0.63211489	0.00059614
0.61380881	0.00058941
0.59101719	0.00058207
0.57204437	0.00057443
0.54852539	0.00056722
0.5299769	0.00056079
0.50573051	0.00055358
0.48724261	0.00054745
0.46657261	0.00054036
0.44602379	0.00053314
0.42408079	0.00052556
0.40419871	0.00051865
0.38455921	0.00051149
0.36334351	0.00050306
0.33776361	0.00049257
0.318124	0.0004836
0.29812071	0.00047335
0.2765415	0.00046189
0.2572656	0.00045073
0.2341103	0.00043545
0.2151375	0.00042163
0.19464929	0.00040568
0.1733125	0.00038713
0.1541574	0.00036803
0.13355181	0.00034771
0.1149589	0.00032867
0.09121909	0.00030193
0.072886847	0.00027943
0.05208119	0.00025536
0.031554408	0.00023044
0.0090998197	0.00020273
-0.01096624	0.00017908
-0.031899199	0.00015448
-0.05215925	0.00013086
-0.071619079	0.00010995
-0.091879129	8.8797E-05
-0.1109389	7.0805E-05
-0.1309928	5.3547E-05
-0.152926	3.709E-05
-0.17331339	2.4523E-05
-0.1927672	1.5312E-05
-0.2143874	7.2231E-06
-0.234027	1.9765E-06
-0.25293911	-1.038E-06
-0.27257869	-2.7202E-06
-0.29306689	-3.5655E-06
-0.31216091	-3.7517E-06
-0.332831	-3.466E-06
-0.35295549	-3.4794E-06
-0.3725951	-3.2781E-06
-0.38968879	-3.158E-06
-0.4119955	-3.1647E-06
-0.43381721	-3.5437E-06
-0.4538205	-4.3556E-06
-0.47424811	-5.9929E-06
-0.4945544	-8.8588E-06
