"CView Export Data File: Version 2.0"
"Export From File: c:\users\owner1\desktop\data\idei\m1\tio2\pec\3h_air_7.txt"


  Open Circuit Potential (V): -0.3239
"E (Volts)"	"I (Amps/cm^2~)"
-0.4981308	-1.665E-05
-0.47970349	-1.1398E-05
-0.4609732	-7.9892E-06
-0.44000009	-5.03E-06
-0.41848141	-2.6607E-06
-0.39568979	-7.2447E-07
-0.37532279	7.3758E-07
-0.35216749	2.0565E-06
-0.3333765	2.8721E-06
-0.3134945	3.655E-06
-0.29306689	4.3075E-06
-0.27257869	5.0546E-06
-0.25124189	6.0964E-06
-0.2290564	7.7101E-06
-0.2097805	1.0329E-05
-0.18941361	1.482E-05
-0.16953149	2.1386E-05
-0.1481974	3.2242E-05
-0.12754939	4.5707E-05
-0.1083018	6.1375E-05
-0.0882539	8.0429E-05
-0.067818038	0.00010284
-0.047509499	0.00012754
-0.028467961	0.00015319
-0.0085595222	0.00018173
0.01214307	0.00021346
0.03376713	0.00024815
0.052608609	0.00028028
0.075281441	0.00032012
0.094777644	0.00035481
0.1173292	0.00039489
0.1365647	0.00042903
0.15678839	0.00046541
0.1762179	0.0004987
0.19637489	0.00053369
0.21828949	0.00056934
0.23817161	0.00060002
0.25817481	0.0006301
0.2782993	0.00065836
0.30006051	0.00068758
0.31976071	0.00071196
0.33921841	0.00073615
0.3598884	0.00075932
0.38043731	0.00078266
0.3991676	0.00080116
0.4191103	0.00082244
0.44075021	0.00084391
0.4629356	0.00086313
0.48469681	0.00088326
0.50421512	0.00090012
0.5236122	0.0009154
0.54391861	0.00093195
0.56464922	0.00094644
0.58634973	0.00096488
0.61102039	0.00098222
0.63181168	0.00099604
0.65223932	0.0010105
0.67157578	0.0010263
0.69048798	0.0010435
0.71030939	0.0010657
0.72982782	0.0010956
0.74752772	0.0011363
0.76831901	0.0012151
0.78820097	0.001333
0.79395938	0.0013804
0.77468359	0.0012534
0.75486219	0.0011664
0.73455578	0.0011051
0.71528	0.0010691
0.69291258	0.0010377
0.67266691	0.0010178
0.65369409	0.0010011
0.6335696	0.00098507
0.61296022	0.00096815
0.59101719	0.00094966
0.5699228	0.00093268
0.55046511	0.00091485
0.52918887	0.00089763
0.50936753	0.0008795
0.4873032	0.00085876
0.46711811	0.00084009
0.44675109	0.00081892
0.42632359	0.00079812
0.40638089	0.00077636
0.3868019	0.00075465
0.3669199	0.00073082
0.3463105	0.00070571
0.3263678	0.00067915
0.30715251	0.00065344
0.28648251	0.00062343
0.26660049	0.00059378
0.2461729	0.00056085
0.22701821	0.00052896
0.2071968	0.00049415
0.18682981	0.0004571
0.1674933	0.00041963
0.1456521	0.00037839
0.1263984	0.00034128
0.1058776	0.00030223
0.085296281	0.00026409
0.064721003	0.00022704
0.046267491	0.0001963
0.02622568	0.00016471
0.0073842029	0.00013725
-0.01159671	0.00011174
-0.03343901	8.5727E-05
-0.054080982	6.399E-05
-0.074056096	4.6077E-05
-0.094431341	3.0439E-05
-0.1144671	1.8467E-05
-0.13404819	9.4602E-06
-0.1537444	2.8637E-06
-0.17552	-1.782E-06
-0.195089	-4.0609E-06
-0.2165089	-4.9924E-06
-0.23784579	-5.389E-06
-0.2601524	-5.0615E-06
-0.28118619	-4.714E-06
-0.3003408	-4.4284E-06
-0.3201623	-4.1282E-06
-0.34071109	-3.9857E-06
-0.363139	-3.953E-06
-0.38386971	-4.1531E-06
-0.40405479	-4.6704E-06
-0.4279981	-5.7237E-06
-0.4470315	-7.0317E-06
-0.4675197	-8.9498E-06
-0.48473471	-1.1056E-05
-0.4969185	-1.2811E-05
-0.4794004	-8.1596E-06
-0.45715439	-5.5151E-06
-0.4363631	-3.5497E-06
-0.41793591	-2.1095E-06
-0.39647779	-7.4562E-07
-0.37465599	4.2812E-07
-0.35501641	1.344E-06
-0.33422509	2.1299E-06
-0.31373689	2.8066E-06
-0.2927638	3.4391E-06
-0.2742759	4.014E-06
-0.2536059	4.6689E-06
-0.2302081	5.8623E-06
-0.21087161	7.3092E-06
-0.1907471	9.9811E-06
-0.16953149	1.4246E-05
-0.1490037	2.1046E-05
-0.12728269	3.0986E-05
-0.1085564	4.2078E-05
-0.088169031	5.72E-05
-0.067848347	7.4913E-05
-0.047406439	9.5642E-05
-0.027613189	0.00011806
-0.0089656934	0.000142
0.01153685	0.00017
0.03052989	0.00019866
0.048577212	0.00022686
0.068612963	0.00026009
0.088127352	0.00029393
0.1088966	0.00033098
0.12714399	0.00036451
0.14784659	0.0004021
0.168143	0.00043927
0.1874513	0.00047402
0.2080812	0.0005104
0.2267758	0.00054151
0.2485369	0.00057698
0.26932821	0.00060869
0.28951329	0.00063731
0.3089104	0.00066436
0.32970169	0.00069092
0.34794709	0.00071378
0.3682535	0.00073785
0.38740811	0.00075974
0.4081994	0.00078175
0.42759651	0.00080164
0.44741791	0.00082141
0.46820921	0.00084112
0.488758	0.00085906
0.50839758	0.00087732
0.52803707	0.00089345
0.5478586	0.00091018
0.56871051	0.00092528
0.59053218	0.00094432
0.61217219	0.00096081
0.63314527	0.0009764
0.65308791	0.00099271
0.67484909	0.0010101
0.69673139	0.0010312
0.71867442	0.001057
0.73855639	0.0010937
0.76049942	0.0011536
0.78189689	0.0012456
0.80038482	0.0013692
0.78135139	0.0012477
0.76207548	0.001162
0.74340582	0.0011042
0.72279632	0.0010607
0.70139891	0.0010295
0.67812228	0.0010047
0.65623999	0.00098452
0.63708532	0.00096754
0.61477858	0.0009479
0.59132028	0.00093225
0.57016528	0.00091528
0.5494346	0.00089611
0.53076488	0.00088077
0.51197398	0.00086295
0.49197069	0.00084397
0.47233111	0.00082535
0.45275211	0.0008051
0.43232459	0.00078515
0.41238189	0.00076308
0.3935909	0.00074276
0.3718904	0.00071693
0.35158411	0.00069183
0.3320657	0.00066612
0.31121379	0.00063774
0.290665	0.00060803
0.27078289	0.00057771
0.25029469	0.0005443
0.2282912	0.00050652
0.2076817	0.0004699
0.1879815	0.00043345
0.1676145	0.00039458
0.1470585	0.00035572
0.1270106	0.00031745
0.1069022	0.0002801
0.084920421	0.00024075
0.063544907	0.00020461
0.044770122	0.0001749
0.025928641	0.00014704
0.0059535112	0.0001199
-0.01282735	9.6831E-05
-0.032275058	7.5441E-05
-0.05090436	5.7619E-05
-0.070406631	4.1465E-05
-0.090102889	2.7763E-05
-0.1108782	1.5985E-05
-0.13404819	6.453E-06
-0.15486591	6.7165E-07
-0.1751745	-2.9463E-06
-0.1940705	-4.5576E-06
-0.2182668	-5.3787E-06
-0.2397248	-5.5715E-06
-0.25875819	-5.2731E-06
-0.27948901	-4.9141E-06
-0.2995528	-4.4951E-06
-0.320041	-4.1719E-06
-0.33961999	-3.9985E-06
-0.35998699	-3.9269E-06
-0.3792628	-4.0154E-06
-0.39944789	-4.366E-06
-0.41823891	-5.0075E-06
-0.43721169	-5.9311E-06
-0.45703319	-7.3228E-06
-0.47624841	-9.102E-06
-0.48776549	-1.0405E-05
