"CView Export Data File: Version 2.0"
"Export From File: c:\users\owner1\desktop\data\idei\m1\20221214_newsamples_withwithouttio2\pec\fto_tio2_hematite_new_700_1_dark.txt"


  Open Circuit Potential (V): -0.0367
"E (Volts)"	"I (Amps/cm^2~)"
-0.4981308	-3.4053E-05
-0.47927919	-1.8834E-05
-0.45691189	-1.1365E-05
-0.43642369	-7.2506E-06
-0.41629919	-4.7061E-06
-0.3959322	-3.0458E-06
-0.37556529	-1.9779E-06
-0.35471341	-1.2187E-06
-0.33167931	-6.8141E-07
-0.3085846	-3.0787E-07
-0.28961179	-7.0154E-08
-0.27076021	1.0267E-07
-0.25002959	2.5124E-07
-0.22693489	3.5676E-07
-0.20553739	4.4651E-07
-0.18359441	5.1806E-07
-0.15932781	5.7749E-07
-0.1369338	6.2115E-07
-0.1146065	7.6912E-07
-0.090284757	6.9331E-07
-0.068557642	7.3152E-07
-0.045575641	7.5032E-07
-0.024448689	7.7275E-07
0.0003277403	7.9519E-07
0.022436781	8.243E-07
0.043036319	8.4795E-07
0.06467855	8.5773E-07
0.084871918	8.9767E-07
0.1069749	9.189E-07
0.1285626	9.3689E-07
0.1519326	9.6802E-07
0.1747691	9.9349E-07
0.1966781	1.0099E-06
0.2211991	1.0365E-06
0.2419904	1.0511E-06
0.26447889	1.0741E-06
0.29102871	1.0887E-06
0.31024399	1.1075E-06
0.3312777	1.1275E-06
0.3529782	1.1396E-06
0.37310269	1.1493E-06
0.39553061	1.1621E-06
0.4177767	1.1833E-06
0.43705261	1.2609E-06
0.45966241	1.2724E-06
0.48105979	1.2184E-06
0.50294209	1.2949E-06
0.52621871	1.3046E-06
0.54919219	1.3264E-06
0.57198381	1.3361E-06
0.5951997	1.3628E-06
0.61538482	1.3174E-06
0.6389038	1.3513E-06
0.66084683	1.3761E-06
0.68321413	1.4174E-06
0.70546019	1.4768E-06
0.72419047	1.5623E-06
0.74370879	1.7078E-06
0.76310593	1.9819E-06
0.78401852	2.5847E-06
0.79905128	2.9583E-06
0.77722949	1.6363E-06
0.75619572	1.136E-06
0.73710167	9.2011E-07
0.71382523	7.8791E-07
0.69073051	7.1878E-07
0.67084849	6.5808E-07
0.65126938	6.3571E-07
0.62647748	5.7506E-07
0.60459518	5.3565E-07
0.58253098	4.8532E-07
0.56131542	4.4226E-07
0.54040283	4.0103E-07
0.51718688	3.4706E-07
0.49518329	2.9794E-07
0.4726342	2.6276E-07
0.45244911	1.9737E-07
0.4301424	1.6513E-07
0.40977541	1.0542E-07
0.3871657	1.0267E-07
0.36340421	5.2947E-08
0.34309781	7.4664E-09
0.31988189	-5.4387E-08
0.29751459	-1.3625E-07
0.2758747	-2.0538E-07
0.25368929	-2.7755E-07
0.2325343	-3.5456E-07
0.20901529	-4.4552E-07
0.1871935	-5.3406E-07
0.1674327	-6.141E-07
0.1479679	-6.8384E-07
0.1268955	-7.5358E-07
0.1058958	-8.033E-07
0.086090431	-8.3665E-07
0.062829569	-8.4757E-07
0.043903209	-8.6697E-07
0.024837431	-8.8517E-07
0.001576565	-9.355E-07
-0.019623131	-9.8159E-07
-0.039010219	-1.0319E-06
-0.061137442	-1.0986E-06
-0.082064353	-1.1611E-06
-0.1051191	-1.2417E-06
-0.1261794	-1.3036E-06
-0.1491614	-1.4109E-06
-0.1720888	-1.5025E-06
-0.19300359	-1.6086E-06
-0.213963	-1.7299E-06
-0.2360273	-1.8651E-06
-0.25621241	-2.0337E-06
-0.27803421	-2.2526E-06
-0.29852241	-2.5273E-06
-0.31864679	-2.8712E-06
-0.3397412	-3.4115E-06
-0.35871401	-4.0906E-06
-0.37895969	-5.1167E-06
-0.398963	-6.5648E-06
-0.41945121	-8.6872E-06
-0.44066679	-1.185E-05
-0.46170059	-1.639E-05
-0.48115829	-2.2317E-05
-0.49831259	-2.6959E-05
-0.47927919	-1.2898E-05
-0.45854849	-7.8601E-06
-0.43806031	-4.8147E-06
-0.41605681	-2.8608E-06
-0.3959322	-1.7881E-06
-0.3758077	-1.0804E-06
-0.35604689	-6.2077E-07
-0.3364073	-2.7633E-07
-0.3145856	-1.0119E-08
-0.2951279	1.712E-07
-0.27294239	3.0338E-07
-0.25130251	4.4772E-07
-0.2285109	5.2291E-07
-0.20644671	5.8477E-07
-0.1838975	6.2843E-07
-0.1633652	6.6542E-07
-0.1446874	6.9877E-07
-0.123221	7.1393E-07
-0.1000147	7.4607E-07
-0.079936497	7.5881E-07
-0.060337231	7.7275E-07
-0.03906478	7.9155E-07
-0.016276769	8.0671E-07
0.006644608	8.2005E-07
0.026583361	8.3097E-07
0.048510529	8.5037E-07
0.068237104	8.7099E-07
0.087969728	8.8615E-07
0.1086966	9.0677E-07
0.1290172	9.286E-07
0.15280551	9.4679E-07
0.1727867	9.6065E-07
0.19722369	9.9713E-07
0.2186532	1.0129E-06
0.2398082	1.0281E-06
0.2588416	1.0414E-06
0.283088	1.0559E-06
0.30430359	1.0687E-06
0.32667091	1.0826E-06
0.34794709	1.1032E-06
0.3690415	1.1117E-06
0.39213619	1.2488E-06
0.4151096	1.1336E-06
0.43493101	1.1505E-06
0.45432809	1.1615E-06
0.47639239	1.1803E-06
0.49585009	1.1948E-06
0.51864171	1.2082E-06
0.53761452	1.2239E-06
0.55755723	1.2427E-06
0.57756048	1.2591E-06
0.60035199	1.2712E-06
0.62029469	1.2894E-06
0.64005548	1.3064E-06
0.66308957	1.3325E-06
0.68254727	1.3622E-06
0.70679373	1.4271E-06
0.72970659	1.5217E-06
0.74880058	1.6757E-06
0.76837963	1.9795E-06
0.78971642	2.6981E-06
0.793414	2.3215E-06
0.76928878	1.3209E-06
0.74764889	9.7166E-07
0.72837299	8.2976E-07
0.70521772	7.3819E-07
0.68175942	6.8058E-07
0.66211969	6.4177E-07
0.6411466	5.9811E-07
0.61799133	5.5384E-07
0.59513909	5.0533E-07
0.57198381	5.0897E-07
0.55313218	4.1642E-07
0.53264397	4.2953E-07
0.50973117	3.8041E-07
0.4875457	3.3371E-07
0.46669379	2.9551E-07
0.44456899	2.47E-07
0.41838291	2.0879E-07
0.39431831	1.5058E-07
0.37116301	7.2959E-08
0.3498868	1.5956E-08
0.32958049	-4.9536E-08
0.30594021	-1.1745E-07
0.2833305	-1.9993E-07
0.25956899	-2.7512E-07
0.2405962	-3.4486E-07
0.2215022	-4.1763E-07
0.1977407	-5.2193E-07
0.1736155	-6.2138E-07
0.15255091	-7.087E-07
0.13068441	-7.8511E-07
0.110885	-8.3423E-07
0.088824503	-8.5424E-07
0.064490616	-8.6455E-07
0.04150863	-8.7728E-07
0.021703251	-9.0275E-07
-0.001412126	-9.3974E-07
-0.025939999	-9.8522E-07
-0.04945549	-1.0447E-06
-0.070249014	-1.1071E-06
-0.092176177	-1.1817E-06
-0.1154249	-1.2642E-06
-0.1374127	-1.3303E-06
-0.1593944	-1.4231E-06
-0.1824431	-1.5377E-06
-0.2015029	-1.6256E-06
-0.22396471	-1.7687E-06
-0.244271	-1.896E-06
-0.2618497	-2.0295E-06
-0.28264099	-2.232E-06
-0.30234119	-2.4612E-06
-0.32319301	-2.7935E-06
-0.3453179	-3.2926E-06
-0.36447251	-3.9245E-06
-0.38465771	-4.8844E-06
-0.4056308	-6.2652E-06
-0.42527041	-8.1275E-06
-0.44788009	-1.1312E-05
-0.46782279	-1.5503E-05
-0.48752299	-2.1559E-05
-0.49103871	-2.2942E-05
