"CView Export Data File: Version 2.0"
"Export From File: c:\users\owner1\desktop\data\idei\m1\20221220\pec\fto_tio2_hematite_new_700_7_dark.txt"


  Open Circuit Potential (V): -0.1892
"E (Volts)"	"I (Amps/cm^2~)"
-0.49807021	-3.9545E-05
-0.4797641	-2.3058E-05
-0.4587304	-1.3796E-05
-0.43769661	-8.2451E-06
-0.41769329	-4.9536E-06
-0.39678079	-2.7941E-06
-0.37520161	-1.4267E-06
-0.35422841	-5.5164E-07
-0.33458889	-2.6492E-08
-0.31307021	3.7919E-07
-0.28815699	6.9817E-07
-0.26475921	9.1041E-07
-0.2426344	1.0717E-06
-0.220752	1.2094E-06
-0.2006882	1.2949E-06
-0.17916951	1.3828E-06
-0.15487809	1.4616E-06
-0.1320173	1.5247E-06
-0.1086958	1.5684E-06
-0.088751011	1.5975E-06
-0.068624333	1.6248E-06
-0.047764111	1.6399E-06
-0.027297949	1.6502E-06
-0.0064377338	1.6557E-06
0.01136104	1.6442E-06
0.03154834	1.646E-06
0.051468901	1.6229E-06
0.068673581	1.606E-06
0.089588352	1.5817E-06
0.1101818	1.5477E-06
0.13209081	1.5114E-06
0.15500011	1.4726E-06
0.1768423	1.4404E-06
0.19889081	1.4022E-06
0.2191381	1.3743E-06
0.2398082	1.3488E-06
0.25878099	1.3216E-06
0.2823	1.2967E-06
0.3043642	1.2809E-06
0.32454929	1.2585E-06
0.34624991	1.2409E-06
0.3649196	1.2385E-06
0.3870444	1.233E-06
0.4069871	1.2361E-06
0.4276571	1.2348E-06
0.44978201	1.2312E-06
0.468876	1.2433E-06
0.4899703	1.2458E-06
0.51245892	1.2567E-06
0.53167409	1.2658E-06
0.55525368	1.2876E-06
0.57525712	1.3155E-06
0.59798801	1.3522E-06
0.61865813	1.4083E-06
0.63823712	1.4932E-06
0.65775537	1.6296E-06
0.67842537	1.8552E-06
0.69885302	2.2227E-06
0.71831077	2.8606E-06
0.73904139	4.4057E-06
0.75922662	7.6822E-06
0.77844179	1.3724E-05
0.79923308	2.6174E-05
0.78032088	1.4209E-05
0.7593478	7.0824E-06
0.73904139	3.3676E-06
0.71685588	1.4222E-06
0.69661021	6.6747E-07
0.67436409	3.889E-07
0.65478522	3.4524E-07
0.63175112	3.7495E-07
0.61308151	4.0952E-07
0.59332061	4.4833E-07
0.57089269	5.1321E-07
0.54785872	5.308E-07
0.52579439	5.3504E-07
0.50439698	6.3146E-07
0.4817872	5.1928E-07
0.4582682	4.9623E-07
0.43868929	4.7743E-07
0.41820109	4.5257E-07
0.39401531	4.1012E-07
0.36437401	3.2644E-07
0.34079441	2.7004E-07
0.31454769	2.0273E-07
0.29242289	1.3966E-07
0.26944941	8.63E-08
0.24944609	1.7169E-08
0.2288973	-5.1355E-08
0.20943961	-1.2352E-07
0.1874966	-2.2176E-07
0.16543239	-3.0908E-07
0.1454338	-3.7578E-07
0.1232945	-4.3642E-07
0.1032163	-4.8858E-07
0.081283063	-5.4133E-07
0.062144529	-5.8863E-07
0.043272741	-6.3654E-07
0.02126676	-6.8869E-07
0.002267662	-7.5297E-07
-0.017137609	-8.2149E-07
-0.03913147	-8.979E-07
-0.06031904	-9.8583E-07
-0.083525337	-1.0798E-06
-0.1027245	-1.1641E-06
-0.1247911	-1.2617E-06
-0.14844599	-1.3848E-06
-0.1703732	-1.5116E-06
-0.18883879	-1.6189E-06
-0.2092322	-1.7548E-06
-0.228329	-1.8845E-06
-0.24760491	-2.0349E-06
-0.26766881	-2.2096E-06
-0.28779331	-2.4157E-06
-0.30652371	-2.6559E-06
-0.32858789	-3.041E-06
-0.3497428	-3.5418E-06
-0.37253451	-4.3647E-06
-0.39411381	-5.7146E-06
-0.4152081	-7.8898E-06
-0.4349083	-1.1222E-05
-0.45497221	-1.6671E-05
-0.47582409	-2.5503E-05
-0.4952212	-3.79E-05
-0.48170379	-2.1899E-05
-0.4626098	-1.3317E-05
-0.44181851	-7.7255E-06
-0.41951191	-4.2228E-06
-0.39920551	-2.349E-06
-0.37798989	-1.1289E-06
-0.35859281	-4.5826E-07
-0.33658919	7.8416E-08
-0.31676781	4.2346E-07
-0.2923395	7.1575E-07
-0.27282119	8.9282E-07
-0.25087821	1.0529E-06
-0.23105679	1.1803E-06
-0.2088107	1.2791E-06
-0.1861403	1.3834E-06
-0.1654385	1.4501E-06
-0.1440994	1.518E-06
-0.123221	1.5623E-06
-0.1032762	1.6005E-06
-0.082531139	1.6332E-06
-0.061664861	1.6587E-06
-0.041386619	1.6769E-06
-0.01647076	1.6927E-06
0.003395241	1.6903E-06
0.02386141	1.6775E-06
0.043400049	1.6581E-06
0.062271841	1.6302E-06
0.083198741	1.6017E-06
0.1041863	1.552E-06
0.125586	1.4938E-06
0.1480345	1.4289E-06
0.1708831	1.3507E-06
0.1916828	1.2882E-06
0.2137433	1.2148E-06
0.2367774	1.156E-06
0.25635639	1.1154E-06
0.2784206	1.0917E-06
0.30042419	1.082E-06
0.31970009	1.0735E-06
0.34164301	1.0766E-06
0.36431339	1.0869E-06
0.3864989	1.0954E-06
0.40868431	1.1111E-06
0.4289301	1.1227E-06
0.45220661	1.1372E-06
0.47481641	1.1493E-06
0.49451661	1.1584E-06
0.5136106	1.1669E-06
0.53452313	1.1875E-06
0.55622357	1.2057E-06
0.57931828	1.2361E-06
0.59968531	1.2803E-06
0.62453783	1.3616E-06
0.64660197	1.4804E-06
0.66842377	1.6678E-06
0.68873018	1.9425E-06
0.71140051	2.4895E-06
0.73243427	3.6405E-06
0.75104338	5.8727E-06
0.77128911	1.0628E-05
0.79111052	1.942E-05
0.79062569	1.8443E-05
0.77134973	9.6657E-06
0.75025541	4.8405E-06
0.73043388	2.2548E-06
0.70836967	9.1769E-07
0.68733603	4.2848E-07
0.66872692	3.0825E-07
0.6475113	3.3978E-07
0.6245985	3.4706E-07
0.6046558	3.9375E-07
0.5822885	4.3317E-07
0.56119412	4.55E-07
0.53816009	4.7501E-07
0.51633829	4.7986E-07
0.49275869	4.6712E-07
0.47099751	4.6288E-07
0.4486303	4.3498E-07
0.42674789	4.0648E-07
0.40680519	3.7677E-07
0.3875294	3.5009E-07
0.36770791	3.0521E-07
0.34606799	2.4865E-07
0.32454929	2.0758E-07
0.30006051	1.3299E-07
0.27860239	8.0842E-08
0.2573868	2.202E-08
0.2335041	-6.8335E-08
0.2105913	-1.5263E-07
0.19052739	-2.3874E-07
0.171009	-3.1818E-07
0.1515021	-3.9034E-07
0.13043579	-4.5886E-07
0.1083692	-5.195E-07
0.087630242	-5.6923E-07
0.065357529	-6.1653E-07
0.04335155	-6.6868E-07
0.02129101	-7.2568E-07
0.0012916391	-7.8632E-07
-0.020629469	-8.5667E-07
-0.04135631	-9.2943E-07
-0.06241658	-1.0131E-06
-0.085483447	-1.1108E-06
-0.1086109	-1.2229E-06
-0.1283315	-1.3242E-06
-0.15166511	-1.4382E-06
-0.17237981	-1.5516E-06
-0.1923731	-1.665E-06
-0.21402369	-1.8027E-06
-0.2386338	-1.9791E-06
-0.25887951	-2.1513E-06
-0.27857971	-2.3248E-06
-0.2991285	-2.5582E-06
-0.31846499	-2.8208E-06
-0.33865011	-3.1901E-06
-0.3596839	-3.7316E-06
-0.37932351	-4.5297E-06
-0.39641711	-5.563E-06
-0.42187589	-8.1639E-06
-0.44351581	-1.2071E-05
-0.46412519	-1.814E-05
-0.48564389	-2.8197E-05
-0.49328151	-3.3094E-05
