"ZView Export Data File: Version 3.5g"
"Export From File: C:\Users\owner1\Desktop\Data\Idei\M1\20221220\PEIS\FTO_TiO2_Hematite_New_700_11.z"
"Date/Time:  2022/12/22 14:12:14"
" "
" "
"C:\Users\owner1\Desktop\Data\Idei\M1\20221220\PEIS\FTO_TiO2_Hematite_New_700_11.txt"
"Pt."	"Frequency"	"Z'"	"Z''"	"Frequency (Hz)"	"|Z|"	"theta"
0	1.000000E+05	9.021600E+01	-2.748400E+00	1.000000E+05	9.025785E+01	-1.744957E+00
1	7.943282E+04	8.959900E+01	-2.258500E+00	7.943282E+04	8.962746E+01	-1.443935E+00
2	6.309573E+04	8.914400E+01	-2.008500E+00	6.309573E+04	8.916662E+01	-1.290711E+00
3	5.011872E+04	8.888800E+01	-1.897200E+00	5.011872E+04	8.890824E+01	-1.222719E+00
4	3.981072E+04	8.872000E+01	-1.923200E+00	3.981072E+04	8.874084E+01	-1.241817E+00
5	3.162278E+04	8.863100E+01	-2.096000E+00	3.162278E+04	8.865578E+01	-1.354713E+00
6	2.511886E+04	8.861900E+01	-2.319300E+00	2.511886E+04	8.864934E+01	-1.499179E+00
7	1.995262E+04	8.865900E+01	-2.700400E+00	1.995262E+04	8.870012E+01	-1.744591E+00
8	1.584893E+04	8.869300E+01	-3.211500E+00	1.584893E+04	8.875112E+01	-2.073727E+00
9	1.258925E+04	8.885700E+01	-3.856100E+00	1.258925E+04	8.894063E+01	-2.484888E+00
10	1.000000E+04	8.904000E+01	-4.672400E+00	1.000000E+04	8.916251E+01	-3.003858E+00
11	7.943282E+03	8.938000E+01	-5.675400E+00	7.943282E+03	8.956001E+01	-3.633257E+00
12	6.309573E+03	8.982200E+01	-6.889500E+00	6.309573E+03	9.008583E+01	-4.386096E+00
13	5.011872E+03	9.042800E+01	-8.323400E+00	5.011872E+03	9.081025E+01	-5.258943E+00
14	3.981072E+03	9.126200E+01	-9.995300E+00	3.981072E+03	9.180773E+01	-6.250301E+00
15	3.162278E+03	9.235900E+01	-1.191800E+01	3.162278E+03	9.312477E+01	-7.352812E+00
16	2.511886E+03	9.376200E+01	-1.406800E+01	2.511886E+03	9.481150E+01	-8.532977E+00
17	1.995262E+03	9.554000E+01	-1.643600E+01	1.995262E+03	9.694346E+01	-9.761199E+00
18	1.584893E+03	9.769600E+01	-1.900900E+01	1.584893E+03	9.952814E+01	-1.101064E+01
19	1.258925E+03	1.003000E+02	-2.177100E+01	1.258925E+03	1.026356E+02	-1.224658E+01
20	1.000000E+03	1.033300E+02	-2.468900E+01	1.000000E+03	1.062386E+02	-1.343794E+01
21	7.943282E+02	1.068500E+02	-2.778000E+01	7.943282E+02	1.104022E+02	-1.457371E+01
22	6.309573E+02	1.108600E+02	-3.099600E+01	6.309573E+02	1.151116E+02	-1.562077E+01
23	5.011872E+02	1.153900E+02	-3.435300E+01	5.011872E+02	1.203951E+02	-1.657891E+01
24	3.981072E+02	1.203900E+02	-3.772300E+01	3.981072E+02	1.261617E+02	-1.739786E+01
25	3.162278E+02	1.259700E+02	-4.122400E+01	3.162278E+02	1.325438E+02	-1.812081E+01
26	2.511886E+02	1.319900E+02	-4.471100E+01	2.511886E+02	1.393572E+02	-1.871357E+01
27	1.995262E+02	1.383400E+02	-4.801600E+01	1.995262E+02	1.464360E+02	-1.914122E+01
28	1.584893E+02	1.447000E+02	-5.212000E+01	1.584893E+02	1.538005E+02	-1.980869E+01
29	1.258925E+02	1.514000E+02	-5.628000E+01	1.258925E+02	1.615221E+02	-2.039164E+01
30	1.000000E+02	1.580600E+02	-6.032100E+01	1.000000E+02	1.691792E+02	-2.088853E+01
31	7.943282E+01	1.654300E+02	-6.661500E+01	7.943282E+01	1.783386E+02	-2.193356E+01
32	6.309573E+01	1.730500E+02	-7.344300E+01	6.309573E+01	1.879898E+02	-2.299653E+01
33	5.011872E+01	1.810900E+02	-8.162300E+01	5.011872E+01	1.986351E+02	-2.426260E+01
34	3.981072E+01	1.905700E+02	-9.170600E+01	3.981072E+01	2.114874E+02	-2.569777E+01
35	3.162278E+01	2.011600E+02	-1.036700E+02	3.162278E+01	2.263025E+02	-2.726481E+01
36	2.511886E+01	2.143200E+02	-1.175000E+02	2.511886E+01	2.444163E+02	-2.873356E+01
37	1.995262E+01	2.300300E+02	-1.333000E+02	1.995262E+01	2.658622E+02	-3.009185E+01
38	1.584893E+01	2.496500E+02	-1.510100E+02	1.584893E+01	2.917690E+02	-3.116919E+01
39	1.258925E+01	2.735300E+02	-1.696400E+02	1.258925E+01	3.218639E+02	-3.180669E+01
40	1.000000E+01	3.028100E+02	-1.884400E+02	1.000000E+01	3.566560E+02	-3.189419E+01
41	7.943280E+00	3.378200E+02	-2.054200E+02	7.943280E+00	3.953729E+02	-3.130275E+01
42	6.309570E+00	3.785700E+02	-2.186800E+02	6.309570E+00	4.371912E+02	-3.001277E+01
43	5.011870E+00	4.233400E+02	-2.266000E+02	5.011870E+00	4.801711E+02	-2.815868E+01
44	3.981070E+00	4.700300E+02	-2.279500E+02	3.981070E+00	5.223882E+02	-2.587195E+01
45	3.162280E+00	5.154800E+02	-2.212500E+02	3.162280E+00	5.609556E+02	-2.322957E+01
46	2.511890E+00	5.580500E+02	-2.074200E+02	2.511890E+00	5.953510E+02	-2.038945E+01
47	1.995260E+00	5.958400E+02	-1.912000E+02	1.995260E+00	6.257657E+02	-1.779099E+01
48	1.584890E+00	6.281100E+02	-1.708800E+02	1.584890E+00	6.509394E+02	-1.521922E+01
49	1.258930E+00	6.549700E+02	-1.506400E+02	1.258930E+00	6.720700E+02	-1.295251E+01
50	1.000000E+00	6.779300E+02	-1.315600E+02	1.000000E+00	6.905774E+02	-1.098239E+01
51	7.943300E-01	6.953800E+02	-1.114900E+02	7.943300E-01	7.042609E+02	-9.108690E+00
52	6.309600E-01	7.080500E+02	-9.488400E+01	6.309600E-01	7.143793E+02	-7.632591E+00
53	5.011900E-01	7.222400E+02	-8.020200E+01	5.011900E-01	7.266794E+02	-6.336517E+00
