"ZView Export Data File: Version 3.5g"
"Export From File: C:\Users\owner1\Desktop\Data\Idei\M1\20221214_Newsamples_withwithoutTiO2\PEIS\FTO_Hematite_New_700_1.z"
"Date/Time:  2022/12/14 17:46:09"
" "
" "
"C:\Users\owner1\Desktop\Data\Idei\M1\20221214_Newsamples_withwithoutTiO2\PEIS\FTO_Hematite_New_700_1.txt"
"Pt."	"Frequency"	"Z'"	"Z''"	"Frequency (Hz)"	"|Z|"	"theta"
0	1.000000E+05	7.189100E+01	-3.599100E+00	1.000000E+05	7.198104E+01	-2.866022E+00
1	7.943282E+04	7.119100E+01	-2.798800E+00	7.943282E+04	7.124599E+01	-2.251364E+00
2	6.309573E+04	7.076200E+01	-2.287200E+00	6.309573E+04	7.079895E+01	-1.851294E+00
3	5.011872E+04	7.046600E+01	-1.949200E+00	5.011872E+04	7.049295E+01	-1.584487E+00
4	3.981072E+04	7.027400E+01	-1.768900E+00	3.981072E+04	7.029626E+01	-1.441915E+00
5	3.162278E+04	7.019300E+01	-1.695300E+00	3.162278E+04	7.021347E+01	-1.383538E+00
6	2.511886E+04	7.015300E+01	-1.694600E+00	2.511886E+04	7.017346E+01	-1.383755E+00
7	1.995262E+04	7.009500E+01	-1.796900E+00	1.995262E+04	7.011803E+01	-1.468468E+00
8	1.584893E+04	7.013700E+01	-1.965200E+00	1.584893E+04	7.016453E+01	-1.604976E+00
9	1.258925E+04	7.014300E+01	-2.236400E+00	1.258925E+04	7.017864E+01	-1.826168E+00
10	1.000000E+04	7.019600E+01	-2.617900E+00	1.000000E+04	7.024480E+01	-2.135807E+00
11	7.943282E+03	7.028700E+01	-3.119600E+00	7.943282E+03	7.035620E+01	-2.541333E+00
12	6.309573E+03	7.037500E+01	-3.759800E+00	6.309573E+03	7.047536E+01	-3.058132E+00
13	5.011872E+03	7.054500E+01	-4.556700E+00	5.011872E+03	7.069201E+01	-3.695761E+00
14	3.981072E+03	7.071400E+01	-5.561800E+00	3.981072E+03	7.093239E+01	-4.497172E+00
15	3.162278E+03	7.099800E+01	-6.807600E+00	3.162278E+03	7.132362E+01	-5.477027E+00
16	2.511886E+03	7.133500E+01	-8.347600E+00	2.511886E+03	7.182176E+01	-6.674380E+00
17	1.995262E+03	7.179600E+01	-1.022800E+01	1.995262E+03	7.252088E+01	-8.107756E+00
18	1.584893E+03	7.239500E+01	-1.253300E+01	1.584893E+03	7.347185E+01	-9.821680E+00
19	1.258925E+03	7.323700E+01	-1.531600E+01	1.258925E+03	7.482137E+01	-1.181199E+01
20	1.000000E+03	7.438300E+01	-1.870200E+01	1.000000E+03	7.669808E+01	-1.411325E+01
21	7.943282E+02	7.591200E+01	-2.274900E+01	7.943282E+02	7.924739E+01	-1.668221E+01
22	6.309573E+02	7.803200E+01	-2.759700E+01	6.309573E+02	8.276828E+01	-1.947678E+01
23	5.011872E+02	8.090000E+01	-3.324700E+01	5.011872E+02	8.746527E+01	-2.234091E+01
24	3.981072E+02	8.482500E+01	-3.989300E+01	3.981072E+02	9.373757E+01	-2.518749E+01
25	3.162278E+02	9.007800E+01	-4.724100E+01	3.162278E+02	1.017141E+02	-2.767456E+01
26	2.511886E+02	9.712000E+01	-5.513300E+01	2.511886E+02	1.116778E+02	-2.958267E+01
27	1.995262E+02	1.053500E+02	-6.305700E+01	1.995262E+02	1.227795E+02	-3.090253E+01
28	1.584893E+02	1.169800E+02	-7.118000E+01	1.584893E+02	1.369340E+02	-3.131968E+01
29	1.258925E+02	1.298000E+02	-7.810200E+01	1.258925E+02	1.514858E+02	-3.103576E+01
30	1.000000E+02	1.458100E+02	-8.474300E+01	1.000000E+02	1.686474E+02	-3.016463E+01
31	7.943282E+01	1.589800E+02	-8.743100E+01	7.943282E+01	1.814354E+02	-2.880858E+01
32	6.309573E+01	1.740500E+02	-9.021100E+01	6.309573E+01	1.960394E+02	-2.739794E+01
33	5.011872E+01	1.887500E+02	-9.185200E+01	5.011872E+01	2.099127E+02	-2.594909E+01
34	3.981072E+01	2.020100E+02	-9.258300E+01	3.981072E+01	2.222153E+02	-2.462241E+01
35	3.162278E+01	2.148200E+02	-9.526900E+01	3.162278E+01	2.349975E+02	-2.391647E+01
36	2.511886E+01	2.274900E+02	-9.623300E+01	2.511886E+01	2.470071E+02	-2.292937E+01
37	1.995262E+01	2.397800E+02	-9.940900E+01	1.995262E+01	2.595700E+02	-2.251812E+01
38	1.584893E+01	2.523600E+02	-1.050300E+02	1.584893E+01	2.733439E+02	-2.259665E+01
39	1.258925E+01	2.660000E+02	-1.109000E+02	1.258925E+01	2.881923E+02	-2.263210E+01
40	1.000000E+01	2.809900E+02	-1.188500E+02	1.000000E+01	3.050913E+02	-2.292685E+01
41	7.943280E+00	2.982700E+02	-1.277600E+02	7.943280E+00	3.244805E+02	-2.318723E+01
42	6.309570E+00	3.179600E+02	-1.370300E+02	6.309570E+00	3.462308E+02	-2.331441E+01
43	5.011870E+00	3.406900E+02	-1.462900E+02	5.011870E+00	3.707701E+02	-2.323836E+01
44	3.981070E+00	3.684900E+02	-1.563200E+02	3.981070E+00	4.002759E+02	-2.298752E+01
45	3.162280E+00	3.955800E+02	-1.607500E+02	3.162280E+00	4.269943E+02	-2.211512E+01
46	2.511890E+00	4.271200E+02	-1.626000E+02	2.511890E+00	4.570233E+02	-2.084129E+01
47	1.995260E+00	4.591700E+02	-1.622200E+02	1.995260E+00	4.869830E+02	-1.945779E+01
48	1.584890E+00	4.914000E+02	-1.558400E+02	1.584890E+00	5.155192E+02	-1.759563E+01
49	1.258930E+00	5.218100E+02	-1.441800E+02	1.258930E+00	5.413627E+02	-1.544587E+01
50	1.000000E+00	5.471200E+02	-1.293200E+02	1.000000E+00	5.621957E+02	-1.329864E+01
51	7.943300E-01	5.691700E+02	-1.132400E+02	7.943300E-01	5.803256E+02	-1.125243E+01
52	6.309600E-01	5.864600E+02	-9.812900E+01	6.309600E-01	5.946130E+02	-9.498979E+00
53	5.011900E-01	6.001000E+02	-8.253700E+01	5.011900E-01	6.057494E+02	-7.831255E+00
54	3.981100E-01	6.115100E+02	-6.958400E+01	3.981100E-01	6.154563E+02	-6.491790E+00
