"ZView Export Data File: Version 3.5g"
"Export From File: C:\Users\owner1\Desktop\Data\Idei\M1\20221214_Newsamples_withwithoutTiO2\PEIS\FTO_Hematite_New_700_3.z"
"Date/Time:  2022/12/14 17:46:26"
" "
" "
"C:\Users\owner1\Desktop\Data\Idei\M1\20221214_Newsamples_withwithoutTiO2\PEIS\FTO_Hematite_New_700_3.txt"
"Pt."	"Frequency"	"Z'"	"Z''"	"Frequency (Hz)"	"|Z|"	"theta"
0	1.000000E+05	7.308000E+01	-4.115800E+00	1.000000E+05	7.319581E+01	-3.223442E+00
1	7.943282E+04	7.230300E+01	-3.220900E+00	7.943282E+04	7.237471E+01	-2.550683E+00
2	6.309573E+04	7.176200E+01	-2.603900E+00	6.309573E+04	7.180923E+01	-2.078078E+00
3	5.011872E+04	7.145800E+01	-2.224100E+00	5.011872E+04	7.149260E+01	-1.782731E+00
4	3.981072E+04	7.126500E+01	-2.012700E+00	3.981072E+04	7.129342E+01	-1.617745E+00
5	3.162278E+04	7.114900E+01	-1.884000E+00	3.162278E+04	7.117394E+01	-1.516817E+00
6	2.511886E+04	7.108400E+01	-1.873300E+00	2.511886E+04	7.110868E+01	-1.509585E+00
7	1.995262E+04	7.108700E+01	-1.957100E+00	1.995262E+04	7.111394E+01	-1.577015E+00
8	1.584893E+04	7.108100E+01	-2.130600E+00	1.584893E+04	7.111292E+01	-1.716884E+00
9	1.258925E+04	7.109000E+01	-2.417200E+00	1.258925E+04	7.113108E+01	-1.947419E+00
10	1.000000E+04	7.116000E+01	-2.795300E+00	1.000000E+04	7.121488E+01	-2.249530E+00
11	7.943282E+03	7.121100E+01	-3.329300E+00	7.943282E+03	7.128878E+01	-2.676778E+00
12	6.309573E+03	7.130400E+01	-4.004300E+00	6.309573E+03	7.141635E+01	-3.214248E+00
13	5.011872E+03	7.146200E+01	-4.859400E+00	5.011872E+03	7.162703E+01	-3.890112E+00
14	3.981072E+03	7.165500E+01	-5.922400E+00	3.981072E+03	7.189933E+01	-4.724848E+00
15	3.162278E+03	7.189600E+01	-7.262400E+00	3.162278E+03	7.226187E+01	-5.768029E+00
16	2.511886E+03	7.225300E+01	-8.911300E+00	2.511886E+03	7.280046E+01	-7.031049E+00
17	1.995262E+03	7.270400E+01	-1.093700E+01	1.995262E+03	7.352203E+01	-8.554965E+00
18	1.584893E+03	7.336800E+01	-1.342200E+01	1.584893E+03	7.458561E+01	-1.036710E+01
19	1.258925E+03	7.419600E+01	-1.645900E+01	1.258925E+03	7.599964E+01	-1.250747E+01
20	1.000000E+03	7.535300E+01	-2.012900E+01	1.000000E+03	7.799520E+01	-1.495617E+01
21	7.943282E+02	7.698700E+01	-2.456700E+01	7.943282E+02	8.081173E+01	-1.769819E+01
22	6.309573E+02	7.918800E+01	-2.985600E+01	6.309573E+02	8.462931E+01	-2.065779E+01
23	5.011872E+02	8.222200E+01	-3.607500E+01	5.011872E+02	8.978788E+01	-2.368952E+01
24	3.981072E+02	8.640400E+01	-4.320500E+01	3.981072E+02	9.660395E+01	-2.656664E+01
25	3.162278E+02	9.214000E+01	-5.138900E+01	3.162278E+02	1.055017E+02	-2.914960E+01
26	2.511886E+02	9.964400E+01	-6.016100E+01	2.511886E+02	1.163970E+02	-3.112187E+01
27	1.995262E+02	1.084400E+02	-6.921800E+01	1.995262E+02	1.286482E+02	-3.255037E+01
28	1.584893E+02	1.211700E+02	-7.800700E+01	1.584893E+02	1.441085E+02	-3.277268E+01
29	1.258925E+02	1.351800E+02	-8.572300E+01	1.258925E+02	1.600689E+02	-3.238040E+01
30	1.000000E+02	1.499900E+02	-9.396600E+01	1.000000E+02	1.769932E+02	-3.206639E+01
31	7.943282E+01	1.673400E+02	-9.669200E+01	7.943282E+01	1.932667E+02	-3.002008E+01
32	6.309573E+01	1.838400E+02	-9.960500E+01	6.309573E+01	2.090892E+02	-2.844895E+01
33	5.011872E+01	1.991800E+02	-1.020600E+02	5.011872E+01	2.238055E+02	-2.713064E+01
34	3.981072E+01	2.148200E+02	-1.031300E+02	3.981072E+01	2.382927E+02	-2.564456E+01
35	3.162278E+01	2.289000E+02	-1.047200E+02	3.162278E+01	2.517171E+02	-2.458373E+01
36	2.511886E+01	2.424000E+02	-1.075700E+02	2.511886E+01	2.651963E+02	-2.393024E+01
37	1.995262E+01	2.564500E+02	-1.119700E+02	1.995262E+01	2.798283E+02	-2.358682E+01
38	1.584893E+01	2.708200E+02	-1.173000E+02	1.584893E+01	2.951318E+02	-2.341884E+01
39	1.258925E+01	2.858300E+02	-1.255900E+02	1.258925E+01	3.122045E+02	-2.372006E+01
40	1.000000E+01	3.023600E+02	-1.335000E+02	1.000000E+01	3.305205E+02	-2.382274E+01
41	7.943280E+00	3.213500E+02	-1.444800E+02	7.943280E+00	3.523355E+02	-2.420884E+01
42	6.309570E+00	3.438900E+02	-1.563600E+02	6.309570E+00	3.777682E+02	-2.445036E+01
43	5.011870E+00	3.695700E+02	-1.660500E+02	5.011870E+00	4.051600E+02	-2.419467E+01
44	3.981070E+00	3.953900E+02	-1.764400E+02	3.981070E+00	4.329715E+02	-2.404848E+01
45	3.162280E+00	4.314100E+02	-1.840000E+02	3.162280E+00	4.690102E+02	-2.309866E+01
46	2.511890E+00	4.676400E+02	-1.850500E+02	2.511890E+00	5.029221E+02	-2.158922E+01
47	1.995260E+00	5.051400E+02	-1.886200E+02	1.995260E+00	5.392068E+02	-2.047570E+01
48	1.584890E+00	5.424300E+02	-1.845000E+02	1.584890E+00	5.729490E+02	-1.878502E+01
49	1.258930E+00	5.796700E+02	-1.739500E+02	1.258930E+00	6.052073E+02	-1.670369E+01
50	1.000000E+00	6.102800E+02	-1.603500E+02	1.000000E+00	6.309943E+02	-1.472161E+01
51	7.943300E-01	6.408500E+02	-1.425000E+02	7.943300E-01	6.565021E+02	-1.253638E+01
52	6.309600E-01	6.624100E+02	-1.224200E+02	6.309600E-01	6.736272E+02	-1.047069E+01
53	5.011900E-01	6.802400E+02	-1.043200E+02	5.011900E-01	6.881926E+02	-8.718818E+00
54	3.981100E-01	6.917000E+02	-8.775800E+01	3.981100E-01	6.972448E+02	-7.230651E+00
55	3.162300E-01	7.019600E+02	-7.291100E+01	3.162300E-01	7.057364E+02	-5.929919E+00
56	2.511900E-01	7.105400E+02	-5.653600E+01	2.511900E-01	7.127857E+02	-4.549306E+00
