"ZView Export Data File: Version 3.5g"
"Export From File: C:\Users\owner1\Desktop\Data\Chen\original\90&100\hematite_100C_S2-2.z"
"Date/Time:  2021/08/05 19:49:01"
" "
" "
"C:\Users\owner1\Desktop\Data\Chen\txt\temperture\hematite_100C_S2-2.txt"
"Pt."	"Frequency"	"Z'"	"Z''"	"Frequency (Hz)"	"|Z|"	"theta"
0	1.000000E+05	2.395700E+01	-1.524000E+00	1.000000E+05	2.400542E+01	-3.639908E+00
1	7.943282E+04	2.368600E+01	-1.316700E+00	7.943282E+04	2.372257E+01	-3.181786E+00
2	6.309573E+04	2.351100E+01	-1.235300E+00	6.309573E+04	2.354343E+01	-3.007633E+00
3	5.011872E+04	2.341300E+01	-1.235600E+00	5.011872E+04	2.344558E+01	-3.020931E+00
4	3.981072E+04	2.334000E+01	-1.325100E+00	3.981072E+04	2.337759E+01	-3.249410E+00
5	3.162278E+04	2.332300E+01	-1.460500E+00	3.162278E+04	2.336868E+01	-3.583217E+00
6	2.511886E+04	2.331800E+01	-1.696200E+00	2.511886E+04	2.337961E+01	-4.160487E+00
7	1.995262E+04	2.333200E+01	-1.994200E+00	1.995262E+04	2.341707E+01	-4.885232E+00
8	1.584893E+04	2.336400E+01	-2.396200E+00	1.584893E+04	2.348656E+01	-5.855752E+00
9	1.258925E+04	2.340700E+01	-2.906600E+00	1.258925E+04	2.358678E+01	-7.078556E+00
10	1.000000E+04	2.345900E+01	-3.562500E+00	1.000000E+04	2.372796E+01	-8.635001E+00
11	7.943282E+03	2.353100E+01	-4.387500E+00	7.943282E+03	2.393654E+01	-1.056187E+01
12	6.309573E+03	2.358800E+01	-5.420000E+00	6.309573E+03	2.420269E+01	-1.294068E+01
13	5.011872E+03	2.370200E+01	-6.718400E+00	5.011872E+03	2.463578E+01	-1.582553E+01
14	3.981072E+03	2.380500E+01	-8.346200E+00	3.981072E+03	2.522572E+01	-1.932102E+01
15	3.162278E+03	2.396800E+01	-1.038700E+01	3.162278E+03	2.612192E+01	-2.343044E+01
16	2.511886E+03	2.416700E+01	-1.294900E+01	2.511886E+03	2.741752E+01	-2.818300E+01
17	1.995262E+03	2.443700E+01	-1.614300E+01	1.995262E+03	2.928760E+01	-3.344862E+01
18	1.584893E+03	2.480500E+01	-2.014400E+01	1.584893E+03	3.195417E+01	-3.907986E+01
19	1.258925E+03	2.533500E+01	-2.514100E+01	1.258925E+03	3.569219E+01	-4.477979E+01
20	1.000000E+03	2.606300E+01	-3.134400E+01	1.000000E+03	4.076428E+01	-5.025598E+01
21	7.943282E+02	2.710300E+01	-3.907400E+01	7.943282E+02	4.755365E+01	-5.525356E+01
22	6.309573E+02	2.859000E+01	-4.864000E+01	6.309573E+02	5.642019E+01	-5.955351E+01
23	5.011872E+02	3.070600E+01	-6.046800E+01	5.011872E+02	6.781768E+01	-6.307828E+01
24	3.981072E+02	3.372600E+01	-7.495000E+01	3.981072E+02	8.218848E+01	-6.577321E+01
25	3.162278E+02	3.800700E+01	-9.277800E+01	3.162278E+02	1.002611E+02	-6.772328E+01
26	2.511886E+02	4.409700E+01	-1.143200E+02	2.511886E+02	1.225300E+02	-6.890673E+01
27	1.995262E+02	5.262000E+01	-1.402400E+02	1.995262E+02	1.497869E+02	-6.943321E+01
28	1.584893E+02	6.454700E+01	-1.716300E+02	1.584893E+02	1.833662E+02	-6.938961E+01
29	1.258925E+02	8.118400E+01	-2.080800E+02	1.258925E+02	2.233565E+02	-6.868638E+01
30	1.000000E+02	1.024000E+02	-2.498500E+02	1.000000E+02	2.700200E+02	-6.771393E+01
31	7.943282E+01	1.332600E+02	-2.979100E+02	7.943282E+01	3.263565E+02	-6.590025E+01
32	6.309573E+01	1.716300E+02	-3.510000E+02	6.309573E+01	3.907145E+02	-6.394255E+01
33	5.011872E+01	2.202400E+02	-4.066400E+02	5.011872E+01	4.624519E+02	-6.155961E+01
34	3.981072E+01	2.789300E+02	-4.667600E+02	3.981072E+01	5.437526E+02	-5.913798E+01
35	3.162278E+01	3.570000E+02	-5.327600E+02	3.162278E+01	6.413129E+02	-5.617414E+01
36	2.511886E+01	4.280600E+02	-5.874800E+02	2.511886E+01	7.268893E+02	-5.392151E+01
37	1.995262E+01	5.176300E+02	-6.467600E+02	1.995262E+01	8.283956E+02	-5.132820E+01
38	1.584893E+01	6.149800E+02	-7.068600E+02	1.584893E+01	9.369373E+02	-4.897619E+01
39	1.258925E+01	7.187600E+02	-7.663500E+02	1.258925E+01	1.050670E+03	-4.683540E+01
40	1.000000E+01	8.306000E+02	-8.301700E+02	1.000000E+01	1.174342E+03	-4.498517E+01
41	7.943280E+00	9.507700E+02	-8.952800E+02	7.943280E+00	1.305944E+03	-4.327828E+01
42	6.309570E+00	1.076300E+03	-9.663600E+02	6.309570E+00	1.446469E+03	-4.191920E+01
43	5.011870E+00	1.216400E+03	-1.043100E+03	5.011870E+00	1.602400E+03	-4.061409E+01
44	3.981070E+00	1.360300E+03	-1.124800E+03	3.981070E+00	1.765104E+03	-3.958654E+01
45	3.162280E+00	1.528600E+03	-1.212600E+03	3.162280E+00	1.951158E+03	-3.842408E+01
46	2.511890E+00	1.715000E+03	-1.302100E+03	2.511890E+00	2.153297E+03	-3.720729E+01
47	1.995260E+00	1.907800E+03	-1.413700E+03	1.995260E+00	2.374500E+03	-3.653884E+01
48	1.584890E+00	2.135600E+03	-1.511600E+03	1.584890E+00	2.616433E+03	-3.529126E+01
49	1.258930E+00	2.384000E+03	-1.612500E+03	1.258930E+00	2.878127E+03	-3.407380E+01
50	1.000000E+00	2.669300E+03	-1.714800E+03	1.000000E+00	3.172649E+03	-3.271732E+01
51	7.943300E-01	2.996400E+03	-1.788200E+03	7.943300E-01	3.489423E+03	-3.082803E+01
52	6.309600E-01	3.320500E+03	-1.840100E+03	6.309600E-01	3.796273E+03	-2.899362E+01
53	5.011900E-01	3.712100E+03	-1.889700E+03	5.011900E-01	4.165411E+03	-2.697905E+01
