"ZView Export Data File: Version 3.5g"
"Export From File: C:\Users\owner1\Desktop\Data\Idei\M1\20221220\PEIS\FTO_Hematite_New_700_7.z"
"Date/Time:  2022/12/22 14:10:31"
" "
" "
"C:\Users\owner1\Desktop\Data\Idei\M1\20221220\PEIS\FTO_Hematite_New_700_7.txt"
"Pt."	"Frequency"	"Z'"	"Z''"	"Frequency (Hz)"	"|Z|"	"theta"
0	1.000000E+05	8.181700E+01	-2.408500E+00	1.000000E+05	8.185244E+01	-1.686166E+00
1	7.943282E+04	8.121300E+01	-1.950800E+00	7.943282E+04	8.123643E+01	-1.376025E+00
2	6.309573E+04	8.083500E+01	-1.648700E+00	6.309573E+04	8.085181E+01	-1.168435E+00
3	5.011872E+04	8.056700E+01	-1.502100E+00	5.011872E+04	8.058100E+01	-1.068105E+00
4	3.981072E+04	8.045500E+01	-1.472800E+00	3.981072E+04	8.046848E+01	-1.048733E+00
5	3.162278E+04	8.035100E+01	-1.544300E+00	3.162278E+04	8.036584E+01	-1.101056E+00
6	2.511886E+04	8.031700E+01	-1.683400E+00	2.511886E+04	8.033464E+01	-1.200712E+00
7	1.995262E+04	8.029100E+01	-1.884000E+00	1.995262E+04	8.031310E+01	-1.344179E+00
8	1.584893E+04	8.031200E+01	-2.209800E+00	1.584893E+04	8.034240E+01	-1.576107E+00
9	1.258925E+04	8.033800E+01	-2.643400E+00	1.258925E+04	8.038148E+01	-1.884551E+00
10	1.000000E+04	8.036700E+01	-3.188100E+00	1.000000E+04	8.043021E+01	-2.271690E+00
11	7.943282E+03	8.040800E+01	-3.905900E+00	7.943282E+03	8.050281E+01	-2.781014E+00
12	6.309573E+03	8.051200E+01	-4.809600E+00	6.309573E+03	8.065553E+01	-3.418654E+00
13	5.011872E+03	8.063900E+01	-5.935100E+00	5.011872E+03	8.085712E+01	-4.209429E+00
14	3.981072E+03	8.081700E+01	-7.337000E+00	3.981072E+03	8.114936E+01	-5.187397E+00
15	3.162278E+03	8.104100E+01	-9.076700E+00	3.162278E+03	8.154772E+01	-6.390571E+00
16	2.511886E+03	8.133800E+01	-1.126400E+01	2.511886E+03	8.211424E+01	-7.884394E+00
17	1.995262E+03	8.177800E+01	-1.396800E+01	1.995262E+03	8.296232E+01	-9.692805E+00
18	1.584893E+03	8.236700E+01	-1.730800E+01	1.584893E+03	8.416585E+01	-1.186706E+01
19	1.258925E+03	8.321200E+01	-2.145900E+01	1.258925E+03	8.593443E+01	-1.446057E+01
20	1.000000E+03	8.442300E+01	-2.654600E+01	1.000000E+03	8.849821E+01	-1.745525E+01
21	7.943282E+02	8.613200E+01	-3.275700E+01	7.943282E+02	9.215065E+01	-2.082239E+01
22	6.309573E+02	8.858300E+01	-4.031200E+01	6.309573E+02	9.732423E+01	-2.446914E+01
23	5.011872E+02	9.209400E+01	-4.939400E+01	5.011872E+02	1.045039E+02	-2.820659E+01
24	3.981072E+02	9.704700E+01	-5.998100E+01	3.981072E+02	1.140870E+02	-3.171861E+01
25	3.162278E+02	1.039100E+02	-7.241700E+01	3.162278E+02	1.266551E+02	-3.487343E+01
26	2.511886E+02	1.133500E+02	-8.609500E+01	2.511886E+02	1.423396E+02	-3.721849E+01
27	1.995262E+02	1.254200E+02	-1.007000E+02	1.995262E+02	1.608436E+02	-3.876106E+01
28	1.584893E+02	1.419000E+02	-1.164000E+02	1.584893E+02	1.835336E+02	-3.936189E+01
29	1.258925E+02	1.615100E+02	-1.313200E+02	1.258925E+02	2.081596E+02	-3.911375E+01
30	1.000000E+02	1.828300E+02	-1.458800E+02	1.000000E+02	2.338970E+02	-3.858636E+01
31	7.943282E+01	2.097200E+02	-1.562100E+02	7.943282E+01	2.615034E+02	-3.668059E+01
32	6.309573E+01	2.362900E+02	-1.654100E+02	6.309573E+01	2.884327E+02	-3.499316E+01
33	5.011872E+01	2.638900E+02	-1.729300E+02	5.011872E+01	3.155039E+02	-3.323726E+01
34	3.981072E+01	2.903500E+02	-1.789600E+02	3.981072E+01	3.410716E+02	-3.164800E+01
35	3.162278E+01	3.152000E+02	-1.838500E+02	3.162278E+01	3.648998E+02	-3.025418E+01
36	2.511886E+01	3.405100E+02	-1.924500E+02	2.511886E+01	3.911318E+02	-2.947434E+01
37	1.995262E+01	3.659800E+02	-2.007500E+02	1.995262E+01	4.174230E+02	-2.874597E+01
38	1.584893E+01	3.912500E+02	-2.119500E+02	1.584893E+01	4.449712E+02	-2.844552E+01
39	1.258925E+01	4.183000E+02	-2.259800E+02	1.258925E+01	4.754386E+02	-2.837944E+01
40	1.000000E+01	4.467600E+02	-2.428600E+02	1.000000E+01	5.085032E+02	-2.852863E+01
41	7.943280E+00	4.781900E+02	-2.632300E+02	7.943280E+00	5.458532E+02	-2.883153E+01
42	6.309570E+00	5.148300E+02	-2.871500E+02	6.309570E+00	5.894956E+02	-2.915090E+01
43	5.011870E+00	5.563700E+02	-3.140000E+02	5.011870E+00	6.388612E+02	-2.943919E+01
44	3.981070E+00	6.045900E+02	-3.427600E+02	3.981070E+00	6.949917E+02	-2.955019E+01
45	3.162280E+00	6.618300E+02	-3.727100E+02	3.162280E+00	7.595602E+02	-2.938607E+01
46	2.511890E+00	7.254100E+02	-4.008600E+02	2.511890E+00	8.287994E+02	-2.892495E+01
47	1.995260E+00	8.005600E+02	-4.258900E+02	1.995260E+00	9.067958E+02	-2.801254E+01
48	1.584890E+00	8.834600E+02	-4.427600E+02	1.584890E+00	9.881994E+02	-2.661847E+01
49	1.258930E+00	9.725100E+02	-4.501300E+02	1.258930E+00	1.071631E+03	-2.483724E+01
50	1.000000E+00	1.063300E+03	-4.443300E+02	1.000000E+00	1.152404E+03	-2.267899E+01
51	7.943300E-01	1.151200E+03	-4.300000E+02	7.943300E-01	1.228886E+03	-2.048183E+01
52	6.309600E-01	1.235100E+03	-3.996800E+02	6.309600E-01	1.298159E+03	-1.793165E+01
53	5.011900E-01	1.309900E+03	-3.650800E+02	5.011900E-01	1.359824E+03	-1.557359E+01
54	3.981100E-01	1.370000E+03	-3.280500E+02	3.981100E-01	1.408729E+03	-1.346607E+01
55	3.162300E-01	1.421600E+03	-2.851900E+02	3.162300E-01	1.449924E+03	-1.134364E+01
