"ZView Export Data File: Version 3.5g"
"Export From File: C:\Users\owner1\Desktop\Data\Chen\original\20210812\hematite_FS_S3-2_No38.z"
"Date/Time:  2021/08/12 15:13:37"
" "
" "
"C:\Users\owner1\Desktop\Data\Chen\txt\20210812\hematite_FS_S3-2_No38.txt"
"Pt."	"Frequency"	"Z'"	"Z''"	"Frequency (Hz)"	"|Z|"	"theta"
0	1.000000E+05	2.712400E+01	-1.710200E+00	1.000000E+05	2.717786E+01	-3.607790E+00
1	7.943282E+04	2.683200E+01	-1.477500E+00	7.943282E+04	2.687265E+01	-3.151800E+00
2	6.309573E+04	2.668500E+01	-1.349400E+00	6.309573E+04	2.671910E+01	-2.894852E+00
3	5.011872E+04	2.657600E+01	-1.327500E+00	5.011872E+04	2.660913E+01	-2.859610E+00
4	3.981072E+04	2.652700E+01	-1.374400E+00	3.981072E+04	2.656258E+01	-2.965920E+00
5	3.162278E+04	2.651300E+01	-1.474400E+00	3.162278E+04	2.655396E+01	-3.182966E+00
6	2.511886E+04	2.652700E+01	-1.646300E+00	2.511886E+04	2.657804E+01	-3.551296E+00
7	1.995262E+04	2.655600E+01	-1.898400E+00	1.995262E+04	2.662377E+01	-4.088929E+00
8	1.584893E+04	2.660300E+01	-2.237700E+00	1.584893E+04	2.669695E+01	-4.808092E+00
9	1.258925E+04	2.666500E+01	-2.669300E+00	1.258925E+04	2.679827E+01	-5.716550E+00
10	1.000000E+04	2.674100E+01	-3.231200E+00	1.000000E+04	2.693551E+01	-6.889829E+00
11	7.943282E+03	2.684500E+01	-3.937600E+00	7.943282E+03	2.713225E+01	-8.344588E+00
12	6.309573E+03	2.698100E+01	-4.820200E+00	6.309573E+03	2.740819E+01	-1.012913E+01
13	5.011872E+03	2.717400E+01	-5.922200E+00	5.011872E+03	2.781185E+01	-1.229459E+01
14	3.981072E+03	2.742900E+01	-7.299400E+00	3.981072E+03	2.838364E+01	-1.490216E+01
15	3.162278E+03	2.776800E+01	-9.012200E+00	3.162278E+03	2.919386E+01	-1.798102E+01
16	2.511886E+03	2.823500E+01	-1.111900E+01	2.511886E+03	3.034547E+01	-2.149462E+01
17	1.995262E+03	2.891100E+01	-1.370000E+01	1.995262E+03	3.199275E+01	-2.535478E+01
18	1.584893E+03	2.986100E+01	-1.685000E+01	1.584893E+03	3.428705E+01	-2.943522E+01
19	1.258925E+03	3.120300E+01	-2.065200E+01	1.258925E+03	3.741834E+01	-3.349896E+01
20	1.000000E+03	3.311500E+01	-2.517500E+01	1.000000E+03	4.159788E+01	-3.724317E+01
21	7.943282E+02	3.578200E+01	-3.044900E+01	7.943282E+02	4.698397E+01	-4.039641E+01
22	6.309573E+02	3.942700E+01	-3.645700E+01	6.309573E+02	5.369917E+01	-4.275866E+01
23	5.011872E+02	4.431200E+01	-4.311700E+01	5.011872E+02	6.182741E+01	-4.421692E+01
24	3.981072E+02	5.061900E+01	-5.022400E+01	3.981072E+02	7.130732E+01	-4.477557E+01
25	3.162278E+02	5.845200E+01	-5.730500E+01	3.162278E+02	8.185658E+01	-4.443229E+01
26	2.511886E+02	6.791500E+01	-6.425700E+01	2.511886E+02	9.349550E+01	-4.341468E+01
27	1.995262E+02	7.898400E+01	-7.085900E+01	1.995262E+02	1.061107E+02	-4.189627E+01
28	1.584893E+02	8.996400E+01	-7.661000E+01	1.584893E+02	1.181635E+02	-4.041648E+01
29	1.258925E+02	1.020600E+02	-8.195600E+01	1.258925E+02	1.308932E+02	-3.876509E+01
30	1.000000E+02	1.153000E+02	-8.624200E+01	1.000000E+02	1.439853E+02	-3.679572E+01
31	7.943282E+01	1.271600E+02	-9.227300E+01	7.943282E+01	1.571113E+02	-3.596632E+01
32	6.309573E+01	1.403600E+02	-9.771300E+01	6.309573E+01	1.710227E+02	-3.484409E+01
33	5.011872E+01	1.543000E+02	-1.040500E+02	5.011872E+01	1.861045E+02	-3.399319E+01
34	3.981072E+01	1.690700E+02	-1.107400E+02	3.981072E+01	2.021089E+02	-3.322460E+01
35	3.162278E+01	1.852600E+02	-1.183500E+02	3.162278E+01	2.198363E+02	-3.257174E+01
36	2.511886E+01	2.031400E+02	-1.264400E+02	2.511886E+01	2.392759E+02	-3.189929E+01
37	1.995262E+01	2.233200E+02	-1.347200E+02	1.995262E+01	2.608089E+02	-3.110090E+01
38	1.584893E+01	2.455200E+02	-1.421300E+02	1.584893E+01	2.836917E+02	-3.006628E+01
39	1.258925E+01	2.699800E+02	-1.487500E+02	1.258925E+01	3.082463E+02	-2.885330E+01
40	1.000000E+01	2.960700E+02	-1.534900E+02	1.000000E+01	3.334916E+02	-2.740334E+01
41	7.943280E+00	3.240000E+02	-1.550100E+02	7.943280E+00	3.591714E+02	-2.556766E+01
42	6.309570E+00	3.516100E+02	-1.538700E+02	6.309570E+00	3.838041E+02	-2.363493E+01
43	5.011870E+00	3.780000E+02	-1.505000E+02	5.011870E+00	4.068590E+02	-2.170988E+01
44	3.981070E+00	4.049800E+02	-1.417800E+02	3.981070E+00	4.290808E+02	-1.929471E+01
45	3.162280E+00	4.291200E+02	-1.319800E+02	3.162280E+00	4.489573E+02	-1.709579E+01
46	2.511890E+00	4.474300E+02	-1.243200E+02	2.511890E+00	4.643803E+02	-1.552814E+01
47	1.995260E+00	4.657100E+02	-1.078000E+02	1.995260E+00	4.780237E+02	-1.303298E+01
48	1.584890E+00	4.788300E+02	-9.478200E+01	1.584890E+00	4.881207E+02	-1.119667E+01
49	1.258930E+00	4.890700E+02	-8.246100E+01	1.258930E+00	4.959731E+02	-9.570499E+00
50	1.000000E+00	4.946700E+02	-7.110400E+01	1.000000E+00	4.997541E+02	-8.179684E+00
51	7.943300E-01	4.989000E+02	-6.191200E+01	7.943300E-01	5.027269E+02	-7.074069E+00
52	6.309600E-01	5.019700E+02	-5.395200E+01	6.309600E-01	5.048611E+02	-6.134630E+00
53	5.011900E-01	5.027900E+02	-4.631700E+01	5.011900E-01	5.049189E+02	-5.263231E+00
