"ZView Export Data File: Version 3.5g"
"Export From File: C:\Users\owner1\Desktop\Data\Idei\M2\20230519\PEIS\Hematite_TiO2_500d_Air_3.z"
"Date/Time:  2023/05/22 16:36:14"
" "
" "
"C:\Users\owner1\Desktop\Data\Idei\M2\20230519\PEIS\Hematite_TiO2_500d_Air_3.txt"
"Pt."	"Frequency"	"Z'"	"Z''"	"Frequency (Hz)"	"|Z|"	"theta"
0	1.000000E+05	2.601500E+01	-2.251100E+00	1.000000E+05	2.611221E+01	-4.945534E+00
1	7.943282E+04	2.562700E+01	-1.911800E+00	7.943282E+04	2.569821E+01	-4.266420E+00
2	6.309573E+04	2.539900E+01	-1.760300E+00	6.309573E+04	2.545993E+01	-3.964595E+00
3	5.011872E+04	2.524900E+01	-1.723500E+00	5.011872E+04	2.530775E+01	-3.904960E+00
4	3.981072E+04	2.516300E+01	-1.801200E+00	3.981072E+04	2.522738E+01	-4.094322E+00
5	3.162278E+04	2.514900E+01	-1.954700E+00	3.162278E+04	2.522485E+01	-4.444365E+00
6	2.511886E+04	2.514900E+01	-2.226900E+00	2.511886E+04	2.524740E+01	-5.060243E+00
7	1.995262E+04	2.517000E+01	-2.584700E+00	1.995262E+04	2.530236E+01	-5.863135E+00
8	1.584893E+04	2.521200E+01	-3.068000E+00	1.584893E+04	2.539798E+01	-6.938101E+00
9	1.258925E+04	2.527800E+01	-3.695300E+00	1.258925E+04	2.554667E+01	-8.316952E+00
10	1.000000E+04	2.536200E+01	-4.494000E+00	1.000000E+04	2.575708E+01	-1.004818E+01
11	7.943282E+03	2.544600E+01	-5.504800E+00	7.943282E+03	2.603463E+01	-1.220684E+01
12	6.309573E+03	2.557700E+01	-6.777800E+00	6.309573E+03	2.645981E+01	-1.484201E+01
13	5.011872E+03	2.573100E+01	-8.378000E+00	5.011872E+03	2.706058E+01	-1.803522E+01
14	3.981072E+03	2.591100E+01	-1.038400E+01	3.981072E+03	2.791429E+01	-2.183876E+01
15	3.162278E+03	2.618800E+01	-1.289600E+01	3.162278E+03	2.919106E+01	-2.621745E+01
16	2.511886E+03	2.651200E+01	-1.603500E+01	2.511886E+03	3.098399E+01	-3.116641E+01
17	1.995262E+03	2.700200E+01	-1.997100E+01	1.995262E+03	3.358495E+01	-3.648707E+01
18	1.584893E+03	2.766600E+01	-2.485100E+01	1.584893E+03	3.718844E+01	-4.193179E+01
19	1.258925E+03	2.862600E+01	-3.090900E+01	1.258925E+03	4.212854E+01	-4.719606E+01
20	1.000000E+03	2.997400E+01	-3.840600E+01	1.000000E+03	4.871818E+01	-5.202971E+01
21	7.943282E+02	3.189900E+01	-4.763600E+01	7.943282E+02	5.733005E+01	-5.619213E+01
22	6.309573E+02	3.464200E+01	-5.891900E+01	6.309573E+02	6.834849E+01	-5.954619E+01
23	5.011872E+02	3.852700E+01	-7.263400E+01	5.011872E+02	8.221939E+01	-6.205733E+01
24	3.981072E+02	4.397800E+01	-8.913700E+01	3.981072E+02	9.939552E+01	-6.373940E+01
25	3.162278E+02	5.155200E+01	-1.087500E+02	3.162278E+02	1.203502E+02	-6.463711E+01
26	2.511886E+02	6.196500E+01	-1.318300E+02	2.511886E+02	1.456668E+02	-6.482473E+01
27	1.995262E+02	7.579900E+01	-1.583300E+02	1.995262E+02	1.755388E+02	-6.441767E+01
28	1.584893E+02	9.388900E+01	-1.885500E+02	1.584893E+02	2.106330E+02	-6.352886E+01
29	1.258925E+02	1.170500E+02	-2.219000E+02	1.258925E+02	2.508791E+02	-6.218881E+01
30	1.000000E+02	1.452600E+02	-2.585400E+02	1.000000E+02	2.965525E+02	-6.067066E+01
31	7.943282E+01	1.802800E+02	-2.972800E+02	7.943282E+01	3.476727E+02	-5.876605E+01
32	6.309573E+01	2.208600E+02	-3.389200E+02	6.309573E+01	4.045317E+02	-5.690939E+01
33	5.011872E+01	2.680000E+02	-3.830700E+02	5.011872E+01	4.675111E+02	-5.502294E+01
34	3.981072E+01	3.203700E+02	-4.300100E+02	3.981072E+01	5.362327E+02	-5.331281E+01
35	3.162278E+01	3.797900E+02	-4.805000E+02	3.162278E+01	6.124710E+02	-5.167695E+01
36	2.511886E+01	4.462600E+02	-5.346800E+02	2.511886E+01	6.964414E+02	-5.015061E+01
37	1.995262E+01	5.213000E+02	-5.937700E+02	1.995262E+01	7.901370E+02	-4.871851E+01
38	1.584893E+01	6.062000E+02	-6.575100E+02	1.584893E+01	8.943142E+02	-4.732508E+01
39	1.258925E+01	7.024800E+02	-7.252100E+02	1.258925E+01	1.009657E+03	-4.591212E+01
40	1.000000E+01	8.121400E+02	-7.965700E+02	1.000000E+01	1.137583E+03	-4.444548E+01
41	7.943280E+00	9.368800E+02	-8.692200E+02	7.943280E+00	1.278001E+03	-4.285459E+01
42	6.309570E+00	1.077300E+03	-9.404000E+02	6.309570E+00	1.430010E+03	-4.111846E+01
43	5.011870E+00	1.232800E+03	-1.006600E+03	5.011870E+00	1.591553E+03	-3.923216E+01
44	3.981070E+00	1.402500E+03	-1.066000E+03	3.981070E+00	1.761636E+03	-3.723742E+01
45	3.162280E+00	1.580600E+03	-1.113800E+03	3.162280E+00	1.933610E+03	-3.517117E+01
46	2.511890E+00	1.768400E+03	-1.152000E+03	2.511890E+00	2.110531E+03	-3.308168E+01
47	1.995260E+00	1.957400E+03	-1.178700E+03	1.995260E+00	2.284896E+03	-3.105536E+01
48	1.584890E+00	2.147500E+03	-1.192000E+03	1.584890E+00	2.456139E+03	-2.903308E+01
49	1.258930E+00	2.335900E+03	-1.200000E+03	1.258930E+00	2.626105E+03	-2.719050E+01
50	1.000000E+00	2.518300E+03	-1.196900E+03	1.000000E+00	2.788262E+03	-2.542085E+01
51	7.943300E-01	2.694700E+03	-1.183800E+03	7.943300E-01	2.943262E+03	-2.371621E+01
52	6.309600E-01	2.859400E+03	-1.162300E+03	6.309600E-01	3.086602E+03	-2.212095E+01
53	5.011900E-01	3.013600E+03	-1.138300E+03	5.011900E-01	3.221415E+03	-2.069260E+01
