"ZView Export Data File: Version 3.5g"
"Export From File: C:\Users\owner1\Desktop\Data\Idei\M2\20230519\PEIS\Hematite_TiO2_500d_Air_1.z"
"Date/Time:  2023/05/22 16:35:55"
" "
" "
"C:\Users\owner1\Desktop\Data\Idei\M2\20230519\PEIS\Hematite_TiO2_500d_Air_1.txt"
"Pt."	"Frequency"	"Z'"	"Z''"	"Frequency (Hz)"	"|Z|"	"theta"
0	1.000000E+05	2.755900E+01	-3.628300E+00	1.000000E+05	2.779682E+01	-7.500182E+00
1	7.943282E+04	2.715500E+01	-3.464200E+00	7.943282E+04	2.737507E+01	-7.270031E+00
2	6.309573E+04	2.691500E+01	-3.575700E+00	6.309573E+04	2.715148E+01	-7.567521E+00
3	5.011872E+04	2.679100E+01	-3.878200E+00	5.011872E+04	2.707024E+01	-8.236782E+00
4	3.981072E+04	2.673600E+01	-4.398800E+00	3.981072E+04	2.709544E+01	-9.343013E+00
5	3.162278E+04	2.680400E+01	-5.124200E+00	3.162278E+04	2.728941E+01	-1.082282E+01
6	2.511886E+04	2.688300E+01	-6.092400E+00	2.511886E+04	2.756471E+01	-1.276905E+01
7	1.995262E+04	2.705100E+01	-7.345800E+00	1.995262E+04	2.803065E+01	-1.519252E+01
8	1.584893E+04	2.726000E+01	-8.934400E+00	1.584893E+04	2.868678E+01	-1.814643E+01
9	1.258925E+04	2.755000E+01	-1.094900E+01	1.258925E+04	2.964596E+01	-2.167400E+01
10	1.000000E+04	2.792900E+01	-1.347500E+01	1.000000E+04	3.100975E+01	-2.575607E+01
11	7.943282E+03	2.848800E+01	-1.662700E+01	7.943282E+03	3.298520E+01	-3.026994E+01
12	6.309573E+03	2.925700E+01	-2.054200E+01	6.309573E+03	3.574837E+01	-3.507356E+01
13	5.011872E+03	3.035300E+01	-2.538400E+01	5.011872E+03	3.956832E+01	-3.990550E+01
14	3.981072E+03	3.190700E+01	-3.131600E+01	3.981072E+03	4.470737E+01	-4.446442E+01
15	3.162278E+03	3.415500E+01	-3.856100E+01	3.162278E+03	5.151228E+01	-4.846742E+01
16	2.511886E+03	3.735200E+01	-4.726600E+01	2.511886E+03	6.024323E+01	-5.168241E+01
17	1.995262E+03	4.186400E+01	-5.761500E+01	1.995262E+03	7.121856E+01	-5.399723E+01
18	1.584893E+03	4.819300E+01	-6.967800E+01	1.584893E+03	8.472065E+01	-5.533021E+01
19	1.258925E+03	5.692900E+01	-8.337400E+01	1.258925E+03	1.009561E+02	-5.567416E+01
20	1.000000E+03	6.868200E+01	-9.845200E+01	1.000000E+03	1.200417E+02	-5.509963E+01
21	7.943282E+02	8.396800E+01	-1.143000E+02	7.943282E+02	1.418278E+02	-5.369795E+01
22	6.309573E+02	1.031600E+02	-1.300800E+02	6.309573E+02	1.660205E+02	-5.158381E+01
23	5.011872E+02	1.262900E+02	-1.446500E+02	5.011872E+02	1.920229E+02	-4.887667E+01
24	3.981072E+02	1.526800E+02	-1.571300E+02	3.981072E+02	2.190913E+02	-4.582292E+01
25	3.162278E+02	1.811100E+02	-1.668300E+02	3.162278E+02	2.462379E+02	-4.264981E+01
26	2.511886E+02	2.107500E+02	-1.739300E+02	2.511886E+02	2.732530E+02	-3.953254E+01
27	1.995262E+02	2.412900E+02	-1.776300E+02	1.995262E+02	2.996219E+02	-3.635931E+01
28	1.584893E+02	2.689900E+02	-1.804000E+02	1.584893E+02	3.238824E+02	-3.384805E+01
29	1.258925E+02	2.963600E+02	-1.821500E+02	1.258925E+02	3.478619E+02	-3.157589E+01
30	1.000000E+02	3.216000E+02	-1.826200E+02	1.000000E+02	3.698332E+02	-2.959000E+01
31	7.943282E+01	3.484900E+02	-1.871100E+02	7.943282E+01	3.955445E+02	-2.823208E+01
32	6.309573E+01	3.731200E+02	-1.910000E+02	6.309573E+01	4.191653E+02	-2.710789E+01
33	5.011872E+01	3.983300E+02	-1.968300E+02	5.011872E+01	4.443071E+02	-2.629573E+01
34	3.981072E+01	4.237300E+02	-2.041000E+02	3.981072E+01	4.703232E+02	-2.571894E+01
35	3.162278E+01	4.506600E+02	-2.129400E+02	3.162278E+01	4.984354E+02	-2.529106E+01
36	2.511886E+01	4.791000E+02	-2.237600E+02	2.511886E+01	5.287772E+02	-2.503457E+01
37	1.995262E+01	5.088100E+02	-2.359600E+02	1.995262E+01	5.608607E+02	-2.487945E+01
38	1.584893E+01	5.402900E+02	-2.495100E+02	1.584893E+01	5.951206E+02	-2.478785E+01
39	1.258925E+01	5.735000E+02	-2.651200E+02	1.258925E+01	6.318155E+02	-2.481036E+01
40	1.000000E+01	6.089600E+02	-2.827600E+02	1.000000E+01	6.714056E+02	-2.490698E+01
41	7.943280E+00	6.474700E+02	-3.025300E+02	7.943280E+00	7.146620E+02	-2.504431E+01
42	6.309570E+00	6.897600E+02	-3.248700E+02	6.309570E+00	7.624365E+02	-2.521996E+01
43	5.011870E+00	7.372300E+02	-3.490700E+02	5.011870E+00	8.156948E+02	-2.533702E+01
44	3.981070E+00	7.909700E+02	-3.737700E+02	3.981070E+00	8.748357E+02	-2.529291E+01
45	3.162280E+00	8.518700E+02	-3.974500E+02	3.162280E+00	9.400261E+02	-2.501196E+01
46	2.511890E+00	9.204700E+02	-4.158800E+02	2.511890E+00	1.010060E+03	-2.431405E+01
47	1.995260E+00	9.941000E+02	-4.270300E+02	1.995260E+00	1.081938E+03	-2.324664E+01
48	1.584890E+00	1.071100E+03	-4.281900E+02	1.584890E+00	1.153517E+03	-2.178988E+01
49	1.258930E+00	1.145400E+03	-4.180300E+02	1.258930E+00	1.219299E+03	-2.005027E+01
50	1.000000E+00	1.214300E+03	-3.977800E+02	1.000000E+00	1.277792E+03	-1.813774E+01
51	7.943300E-01	1.273300E+03	-3.682700E+02	7.943300E-01	1.325487E+03	-1.613118E+01
52	6.309600E-01	1.321800E+03	-3.322900E+02	6.309600E-01	1.362928E+03	-1.411129E+01
53	5.011900E-01	1.353500E+03	-2.930900E+02	5.011900E-01	1.384870E+03	-1.221832E+01
54	3.981100E-01	1.375000E+03	-2.515500E+02	3.981100E-01	1.397821E+03	-1.036736E+01
