"CView Export Data File: Version 2.0"
"Export From File: c:\users\owner1\desktop\data\idei\m2\20230524\pec\hematite_etoh_01_2_dark.txt"


  Open Circuit Potential (V): -0.1045
"E (Volts)"	"I (Amps/cm^2~)"
-0.49697909	-1.9957E-05
-0.47461179	-1.346E-05
-0.45412359	-9.6775E-06
-0.43478709	-7.1991E-06
-0.41484439	-5.2683E-06
-0.39587161	-3.9263E-06
-0.3760502	-2.853E-06
-0.35538009	-2.0349E-06
-0.3345888	-1.3879E-06
-0.312464	-7.8708E-07
-0.29070291	-3.4395E-07
-0.27160889	1.4384E-08
-0.25063571	3.8314E-07
-0.231178	6.6135E-07
-0.21038669	9.415E-07
-0.1889286	1.2894E-06
-0.16971339	1.4848E-06
-0.1486703	1.7363E-06
-0.12576111	1.9765E-06
-0.105992	2.182E-06
-0.08503484	2.3688E-06
-0.065732628	2.5447E-06
-0.044836041	2.6957E-06
-0.020878021	2.8564E-06
-0.001521247	2.9625E-06
0.019435961	3.051E-06
0.03905341	3.0989E-06
0.060210679	3.1189E-06
0.07856112	3.1008E-06
0.09911821	3.0383E-06
0.1199966	2.9249E-06
0.1400142	2.7824E-06
0.16036519	2.6181E-06
0.1797765	2.4689E-06
0.1997941	2.3258E-06
0.21974429	2.2203E-06
0.23938391	2.1505E-06
0.25859919	2.1026E-06
0.2821182	2.0656E-06
0.30139399	2.0505E-06
0.32170039	2.0408E-06
0.34237051	2.0317E-06
0.3632223	2.0317E-06
0.38280129	2.0347E-06
0.40238029	2.0323E-06
0.4229897	2.0274E-06
0.446145	2.0256E-06
0.4663907	2.0268E-06
0.48918241	2.0298E-06
0.5094887	2.0365E-06
0.52973437	2.0523E-06
0.55046511	2.0644E-06
0.56925613	2.0874E-06
0.58895618	2.1244E-06
0.60847461	2.1784E-06
0.62859911	2.2754E-06
0.64914793	2.441E-06
0.66769642	2.7199E-06
0.68879068	3.3912E-06
0.70703608	4.6677E-06
0.72613019	7.5973E-06
0.7464366	1.4426E-05
0.76753098	2.9189E-05
0.78789783	5.6472E-05
0.79305023	6.5659E-05
0.77128911	3.3298E-05
0.75146759	1.7253E-05
0.73055518	8.2983E-06
0.70976388	4.0261E-06
0.68951821	2.1269E-06
0.67030293	1.3657E-06
0.64932978	1.0474E-06
0.63005388	9.612E-07
0.60974753	9.4871E-07
0.59041101	9.4428E-07
0.56919539	9.6017E-07
0.5501014	9.6447E-07
0.53058302	9.9713E-07
0.50748843	9.061E-07
0.4882125	8.8531E-07
0.47039139	8.5961E-07
0.44990319	8.1106E-07
0.43050611	7.7051E-07
0.40789631	7.8064E-07
0.38692319	6.6487E-07
0.3673442	5.8443E-07
0.34703791	5.154E-07
0.3278226	4.2375E-07
0.3074556	3.2126E-07
0.28417909	1.7908E-07
0.26187241	2.5961E-08
0.2421722	-1.3484E-07
0.22016861	-3.1613E-07
0.2003472	-4.9506E-07
0.1780405	-6.7899E-07
0.1580372	-8.7879E-07
0.1353462	-1.1186E-06
0.1109639	-1.3842E-06
0.090188511	-1.5837E-06
0.068285599	-1.7639E-06
0.0480498	-1.8293E-06
0.0279413	-1.8281E-06
0.0071780859	-1.7657E-06
-0.01398524	-1.7153E-06
-0.03601547	-1.6996E-06
-0.05711817	-1.7202E-06
-0.076887183	-1.782E-06
-0.096644074	-1.8554E-06
-0.117474	-1.9652E-06
-0.1370369	-2.1095E-06
-0.1542536	-2.2284E-06
-0.1764172	-2.3872E-06
-0.19664089	-2.5649E-06
-0.2152966	-2.7238E-06
-0.2359667	-2.9512E-06
-0.25530311	-3.1543E-06
-0.27524579	-3.3993E-06
-0.2959159	-3.6965E-06
-0.31567669	-4.01E-06
-0.33543751	-4.366E-06
-0.3554408	-4.8335E-06
-0.37556529	-5.4629E-06
-0.39853871	-6.5478E-06
-0.41848141	-7.8874E-06
-0.43763599	-9.6011E-06
-0.4564876	-1.1945E-05
-0.47661209	-1.5332E-05
-0.49516061	-1.9696E-05
-0.48182511	-1.1897E-05
-0.4587304	-7.962E-06
-0.43775731	-5.5582E-06
-0.41769341	-3.8457E-06
-0.39756891	-2.5188E-06
-0.37762621	-1.5449E-06
-0.35586509	-6.8241E-07
-0.33543751	-1.2133E-07
-0.31464621	3.9163E-07
-0.29385489	8.1439E-07
-0.27348799	1.1439E-06
-0.2508176	1.4536E-06
-0.2299051	1.7266E-06
-0.2114172	1.9116E-06
-0.1900803	2.1075E-06
-0.1640503	2.3167E-06
-0.1461363	2.4301E-06
-0.1250881	2.5532E-06
-0.1045129	2.6296E-06
-0.083737507	2.6993E-06
-0.063495658	2.7551E-06
-0.042192899	2.7836E-06
-0.02268457	2.8018E-06
-0.001727363	2.8042E-06
0.01924197	2.7721E-06
0.040399231	2.7224E-06
0.061162449	2.6478E-06
0.080058493	2.5435E-06
0.098699912	2.4173E-06
0.1196511	2.2876E-06
0.140481	2.1517E-06
0.16069859	2.0602E-06
0.18165579	1.9777E-06
0.2002245	1.9334E-06
0.2218053	1.8989E-06
0.24065679	1.8801E-06
0.2609632	1.8697E-06
0.28036031	1.8722E-06
0.30096969	1.8728E-06
0.32176101	1.8788E-06
0.3441889	1.8813E-06
0.36473769	1.8801E-06
0.38449851	1.877E-06
0.40480489	1.8764E-06
0.42402011	1.8752E-06
0.44341731	1.8782E-06
0.4629356	1.877E-06
0.48403001	1.8794E-06
0.50342709	1.8873E-06
0.52324861	1.8904E-06
0.54416102	1.9043E-06
0.56380057	1.9219E-06
0.58489501	1.9553E-06
0.60756528	2.0092E-06
0.62744743	2.0929E-06
0.64835989	2.2354E-06
0.66787833	2.4937E-06
0.6886695	3.0492E-06
0.70994568	4.3742E-06
0.73031271	7.3723E-06
0.75025541	1.3807E-05
0.77171338	2.8097E-05
0.79038322	5.1253E-05
0.79165608	5.2667E-05
0.77031928	2.678E-05
0.74952799	1.3257E-05
0.72910041	6.4475E-06
0.70800602	3.1135E-06
0.68757838	1.7048E-06
0.66739333	1.1476E-06
0.64666271	9.4144E-07
0.62623513	8.8379E-07
0.60477698	8.824E-07
0.58616787	1.4986E-06
0.56531602	8.8749E-07
0.54537332	8.8737E-07
0.52561247	8.6561E-07
0.50639719	8.4991E-07
0.48572719	8.1852E-07
0.4673	7.907E-07
0.44675109	7.5439E-07
0.42559621	7.0481E-07
0.40492609	6.5705E-07
0.3822557	5.8686E-07
0.36394969	5.4346E-07
0.34279469	4.6097E-07
0.32170039	3.4338E-07
0.30054539	2.3822E-07
0.27951169	8.9178E-08
0.25914469	-5.8411E-08
0.2373835	-2.1751E-07
0.2144101	-4.2311E-07
0.1928914	-6.0549E-07
0.1717971	-7.8814E-07
0.1512233	-9.8765E-07
0.13105419	-1.1999E-06
0.1097514	-1.437E-06
0.088375904	-1.6426E-06
0.068879686	-1.8015E-06
0.047849741	-1.8833E-06
0.027680621	-1.8918E-06
0.0061838771	-1.8257E-06
-0.01491276	-1.7578E-06
-0.03319652	-1.722E-06
-0.0573061	-1.7214E-06
-0.077457033	-1.7596E-06
-0.097153284	-1.8112E-06
-0.1171769	-1.8936E-06
-0.1372672	-1.9925E-06
-0.1580244	-2.1295E-06
-0.1773084	-2.2951E-06
-0.1981383	-2.4364E-06
-0.2183274	-2.6237E-06
-0.2366941	-2.7941E-06
-0.26021299	-3.0331E-06
-0.2793071	-3.252E-06
-0.2995528	-3.5188E-06
-0.32076839	-3.839E-06
-0.34004429	-4.184E-06
-0.35998699	-4.6358E-06
-0.3784748	-5.2046E-06
-0.3993873	-6.0954E-06
-0.4198755	-7.3901E-06
-0.44339451	-9.4301E-06
-0.46321601	-1.1781E-05
-0.48049149	-1.4537E-05
-0.49273601	-1.7076E-05
