"CView Export Data File: Version 2.0"
"Export From File: c:\users\owner1\desktop\data\idei\m1\20221220\pec\fto_hematite_new_700_8.txt"


  Open Circuit Potential (V): -0.339
"E (Volts)"	"I (Amps/cm^2~)"
-0.4960092	-6.2943E-06
-0.47315699	-3.5309E-06
-0.45030481	-1.8494E-06
-0.42987719	-9.7916E-07
-0.40969199	-3.2595E-07
-0.39114359	1.6453E-07
-0.36774579	7.6688E-07
-0.34834871	9.8805E-07
-0.3307094	1.3373E-06
-0.30816031	2.0492E-06
-0.2882176	2.5732E-06
-0.26803249	3.8394E-06
-0.2482717	5.3099E-06
-0.22717731	8.0751E-06
-0.2082651	1.14E-05
-0.18723141	1.6332E-05
-0.16649941	2.2047E-05
-0.147276	2.8492E-05
-0.12792531	3.5895E-05
-0.1089686	4.3856E-05
-0.088429712	5.365E-05
-0.067811988	6.3784E-05
-0.047606491	7.4895E-05
-0.025079161	8.7832E-05
-0.00400677	0.00010072
0.017805209	0.00011467
0.041987538	0.0001299
0.061726239	0.00014254
0.082004473	0.00015527
0.1014704	0.00016696
0.1211303	0.00017878
0.1410569	0.00019075
0.1635175	0.0002025
0.1827106	0.00021182
0.2021765	0.00022116
0.2212597	0.00022892
0.2424147	0.00023766
0.26187241	0.00024408
0.28126949	0.00025075
0.30163649	0.00025688
0.32097301	0.00026306
0.3409763	0.00026791
0.360434	0.00027301
0.38001299	0.00027774
0.40098611	0.00028198
0.4204438	0.00028689
0.44165939	0.00029126
0.46093529	0.00029569
0.48136291	0.00029987
0.50172979	0.00030405
0.52324861	0.00030878
0.54325181	0.00031297
0.56307322	0.00031733
0.58125812	0.00032158
0.60156441	0.00032631
0.62126458	0.00033043
0.64054048	0.00033577
0.65872532	0.00034141
0.6786679	0.00034923
0.69891357	0.00035826
0.71921998	0.00036997
0.73740482	0.000385
0.75765049	0.00041168
0.77686578	0.00045061
0.79705089	0.00051052
0.78292739	0.00046389
0.76201493	0.00041466
0.74140543	0.00038143
0.72049302	0.00036251
0.7010352	0.00035038
0.68139559	0.00034177
0.66024071	0.00033468
0.63793403	0.00032813
0.61774892	0.00032352
0.59592712	0.00031842
0.57701492	0.00031418
0.55792087	0.00031054
0.53579599	0.00030545
0.51379251	0.00030132
0.49372861	0.00029672
0.47414961	0.00029247
0.45384321	0.00028865
0.43565851	0.00028489
0.4123213	0.00027937
0.39371219	0.00027513
0.37176919	0.00027101
0.35188711	0.00026561
0.33133829	0.00025997
0.31163809	0.00025457
0.29060441	0.00024839
0.27229831	0.00024263
0.25174949	0.00023523
0.2312007	0.00022753
0.2116217	0.00021922
0.1904062	0.0002097
0.1704635	0.00019933
0.1509808	0.00018915
0.1311087	0.00017756
0.1107093	0.00016538
0.091376722	0.00015348
0.071104541	0.0001405
0.050765678	0.000127
0.02990547	0.00011329
0.0082389796	9.9538E-05
-0.01314865	8.6242E-05
-0.03442109	7.3451E-05
-0.054014299	6.2473E-05
-0.074347094	5.1739E-05
-0.094934508	4.1374E-05
-0.1146671	3.2272E-05
-0.1351939	2.4578E-05
-0.1542536	1.8103E-05
-0.17537449	1.2045E-05
-0.19570731	7.1692E-06
-0.21766061	2.9673E-06
-0.2389974	4.0436E-07
-0.26003119	-1.2488E-06
-0.2798526	-1.9737E-06
-0.29924971	-2.42E-06
-0.31864679	-2.6601E-06
-0.3393169	-2.671E-06
-0.3613205	-2.6911E-06
-0.3819299	-2.873E-06
-0.40435779	-2.9554E-06
-0.42369431	-3.2289E-06
-0.44297019	-3.7874E-06
-0.4623673	-4.7001E-06
-0.4828555	-6.5072E-06
-0.4950394	-8.2106E-06
-0.48261309	-4.8426E-06
-0.46370089	-2.9427E-06
-0.44278839	-1.6226E-06
-0.42236081	-7.3842E-07
-0.4008421	-6.9018E-08
-0.37932339	5.6825E-07
-0.35586509	1.0559E-06
-0.33386141	1.606E-06
-0.31355509	2.0868E-06
-0.2937943	2.4907E-06
-0.27415469	3.2706E-06
-0.25330281	4.8721E-06
-0.2337845	6.7289E-06
-0.2135994	9.4147E-06
-0.1958389	1.302E-05
-0.1720168	1.8583E-05
-0.1539323	2.3922E-05
-0.13033199	3.1793E-05
-0.1104418	3.9827E-05
-0.089969523	4.8589E-05
-0.070224762	5.7965E-05
-0.048746198	6.9361E-05
-0.029474299	7.9992E-05
-0.00960223	9.1795E-05
0.01140954	0.00010465
0.030269209	0.00011626
0.049280431	0.00012823
0.069352552	0.00014083
0.090485573	0.0001541
0.1097575	0.00016537
0.13201199	0.00017845
0.15299951	0.00018995
0.1740658	0.00020102
0.1965144	0.00021079
0.2138039	0.00021971
0.23501951	0.00022844
0.25562891	0.00023596
0.2752685	0.00024269
0.29393831	0.00024899
0.31418401	0.00025488
0.33442971	0.00026027
0.35625151	0.00026579
0.37655789	0.0002704
0.39601561	0.00027477
0.41517031	0.00027901
0.43681011	0.00028362
0.45699519	0.00028805
0.47639239	0.00029235
0.50057811	0.00029696
0.52058142	0.00030102
0.54034227	0.00030527
0.56252772	0.00030994
0.58380389	0.00031539
0.60320097	0.00031946
0.6241135	0.00032503
0.64351058	0.00033025
0.66333199	0.00033722
0.68430519	0.00034523
0.7022475	0.00035359
0.72334188	0.00036754
0.7416479	0.00038531
0.76013583	0.00041344
0.78347301	0.0004679
0.79723269	0.00051004
0.77838123	0.00045134
0.75801432	0.00040483
0.73788971	0.00037348
0.71715897	0.0003542
0.69830751	0.00034244
0.6783042	0.00033395
0.65787661	0.00032752
0.63847947	0.00032164
0.61805189	0.00031636
0.5989579	0.00031218
0.57756048	0.00030709
0.55804211	0.00030351
0.5382207	0.00029872
0.51609588	0.00029393
0.49585009	0.00028956
0.47766531	0.00028623
0.45366141	0.00028065
0.43117279	0.00027622
0.41389731	0.00027307
0.39171189	0.00026803
0.37134489	0.00026324
0.3497656	0.00025761
0.3293986	0.00025233
0.30988029	0.00024718
0.28969511	0.00024142
0.26769161	0.00023384
0.2495068	0.00022759
0.2287761	0.00021946
0.20828789	0.0002111
0.18925451	0.00020212
0.1704635	0.00019248
0.1503928	0.00018175
0.13092691	0.00017065
0.1124552	0.00015974
0.091522217	0.000147
0.070389196	0.00013352
0.050523199	0.00012084
0.033124529	0.0001097
0.0088633923	9.3943E-05
-0.01000234	8.2492E-05
-0.03046851	7.0344E-05
-0.05145603	5.8772E-05
-0.07158877	4.8729E-05
-0.091442637	3.8959E-05
-0.1117694	3.0227E-05
-0.1310292	2.3036E-05
-0.1507557	1.6586E-05
-0.1716159	1.0538E-05
-0.1913365	6.1213E-06
-0.2143874	2.4586E-06
-0.2363304	-3.5589E-08
-0.25712159	-1.6256E-06
-0.27748859	-2.3885E-06
-0.29682511	-2.7887E-06
-0.3165859	-2.9506E-06
-0.3376196	-2.9348E-06
-0.35725921	-2.987E-06
-0.37817171	-2.9645E-06
-0.397872	-3.0688E-06
-0.41739029	-3.2162E-06
-0.43921199	-3.6716E-06
-0.4615187	-4.574E-06
-0.48091581	-6.0409E-06
-0.49303901	-7.4647E-06
