"CView Export Data File: Version 2.0"
"Export From File: c:\users\owner1\desktop\data\idei\m1\20221220\pec\fto_tio2_hematite_new_700_11_dark.txt"


  Open Circuit Potential (V): -0.1102
"E (Volts)"	"I (Amps/cm^2~)"
-0.49807021	-2.131E-05
-0.48061281	-1.0128E-05
-0.46042761	-5.8219E-06
-0.4392727	-3.252E-06
-0.41981491	-1.782E-06
-0.398175	-8.3423E-07
-0.37550461	-2.6663E-07
-0.3518644	1.0874E-07
-0.32846671	2.7732E-07
-0.30494761	4.0648E-07
-0.2815499	5.1079E-07
-0.2608192	5.969E-07
-0.2377851	6.5208E-07
-0.21572091	7.1211E-07
-0.1930505	7.7942E-07
-0.1689254	8.2369E-07
-0.1459059	8.91E-07
-0.12729479	9.2981E-07
-0.106956	9.8136E-07
-0.085762307	1.0396E-06
-0.063101619	1.1045E-06
-0.041168381	1.1706E-06
-0.01785296	1.2567E-06
0.0034134269	1.3313E-06
0.022079101	1.4119E-06
0.043533418	1.498E-06
0.06259314	1.5732E-06
0.082059033	1.6478E-06
0.1028526	1.7297E-06
0.1213788	1.7976E-06
0.1427664	1.8728E-06
0.16241419	1.934E-06
0.18248031	1.9947E-06
0.2049167	2.048E-06
0.2261696	2.0905E-06
0.2453849	2.1244E-06
0.26641861	2.1493E-06
0.28484589	2.1675E-06
0.30630389	2.1772E-06
0.32697389	2.1839E-06
0.3470985	2.1839E-06
0.36704111	2.179E-06
0.38419551	2.179E-06
0.4071689	2.1754E-06
0.4285664	2.1784E-06
0.4489333	2.1748E-06
0.4717249	2.1681E-06
0.49184951	2.1675E-06
0.51500481	2.1699E-06
0.53458369	2.1687E-06
0.55458689	2.1687E-06
0.57459033	2.173E-06
0.59453291	2.1784E-06
0.61738509	2.1887E-06
0.63787341	2.196E-06
0.65690678	2.2099E-06
0.67697072	2.2233E-06
0.69697392	2.2372E-06
0.71782577	2.2512E-06
0.73764718	2.2766E-06
0.75862038	2.3276E-06
0.7779569	2.4161E-06
0.79832393	2.598E-06
0.78323048	2.0238E-06
0.76377273	1.8358E-06
0.74352711	1.7266E-06
0.72376621	1.6551E-06
0.70406598	1.5981E-06
0.68206239	1.5471E-06
0.65824032	1.4944E-06
0.63587308	1.444E-06
0.61296022	1.3974E-06
0.59313881	1.3458E-06
0.57198381	1.3015E-06
0.55052572	2.0238E-06
0.52834028	1.2033E-06
0.50476068	1.1421E-06
0.4855454	1.0996E-06
0.4634206	1.0426E-06
0.44408399	1.1548E-06
0.42026201	9.2072E-07
0.4004406	8.6857E-07
0.3760123	7.9034E-07
0.35140219	7.0484E-07
0.32830751	6.1994E-07
0.3076981	5.3383E-07
0.28527021	4.2528E-07
0.26326659	3.0703E-07
0.2395657	1.6028E-07
0.220108	3.6574E-08
0.1991955	-1.0654E-07
0.177798	-2.8208E-06
0.1551277	-3.7457E-07
0.1340792	-5.098E-07
0.1120005	-5.8318E-07
0.089054883	-6.3229E-07
0.067188323	-6.8202E-07
0.04330305	-7.2508E-07
0.021436511	-7.7965E-07
-0.00070890487	-8.2695E-07
-0.023915211	-8.9244E-07
-0.043647841	-9.6097E-07
-0.065859944	-1.0374E-06
-0.084986337	-1.1156E-06
-0.1069923	-1.2211E-06
-0.12692501	-1.3139E-06
-0.14712439	-1.4121E-06
-0.17079151	-1.5462E-06
-0.1943191	-1.6947E-06
-0.2149329	-1.8306E-06
-0.234815	-1.9809E-06
-0.25584871	-2.1647E-06
-0.27445781	-2.3363E-06
-0.2948854	-2.5631E-06
-0.31549481	-2.8263E-06
-0.33525571	-3.1641E-06
-0.35550141	-3.6007E-06
-0.3764745	-4.2714E-06
-0.39508361	-5.1658E-06
-0.4165417	-6.3956E-06
-0.4379997	-8.3652E-06
-0.4580636	-1.1129E-05
-0.47885489	-1.547E-05
-0.49631229	-1.2869E-05
-0.475521	-6.0451E-06
-0.45630571	-3.1519E-06
-0.4330292	-1.2672E-06
-0.41011631	-3.1636E-07
-0.38774911	1.6877E-07
-0.36762461	4.18E-07
-0.3438631	5.6112E-07
-0.32464781	6.3813E-07
-0.30258361	7.1333E-07
-0.27973139	7.6123E-07
-0.25869769	8.0489E-07
-0.2366941	8.4067E-07
-0.2149329	8.6553E-07
-0.1950509	9.092E-07
-0.1727442	9.4497E-07
-0.1537565	9.6802E-07
-0.1349393	9.9773E-07
-0.1143943	1.045E-06
-0.091915503	1.0802E-06
-0.067654356	1.1366E-06
-0.044114631	1.1766E-06
-0.021259939	1.2263E-06
-0.00044216579	1.4877E-06
0.022946009	1.3349E-06
0.042678639	1.3937E-06
0.063338801	1.4483E-06
0.085278086	1.5089E-06
0.104744	1.5641E-06
0.1244039	1.6199E-06
0.14514279	1.6721E-06
0.1665305	1.7181E-06
0.1862631	1.7624E-06
0.2051288	1.7897E-06
0.226897	1.817E-06
0.2466578	1.8267E-06
0.26678231	1.8322E-06
0.28763419	1.8237E-06
0.30787989	1.8085E-06
0.32770139	1.7915E-06
0.34697729	1.7691E-06
0.3669199	1.7539E-06
0.3875294	1.74E-06
0.40625969	1.7315E-06
0.42771769	1.7333E-06
0.44723609	1.7363E-06
0.46711811	1.7412E-06
0.48693961	1.7503E-06
0.50833702	1.763E-06
0.52737039	1.777E-06
0.54731297	1.7921E-06
0.56816489	1.8061E-06
0.58774388	1.8255E-06
0.60817152	1.8437E-06
0.62629569	1.8588E-06
0.64642018	1.877E-06
0.6670903	1.8952E-06
0.68697232	1.917E-06
0.70788479	1.9425E-06
0.72800928	1.9783E-06
0.74716401	2.0207E-06
0.76765221	2.0935E-06
0.78771597	2.2293E-06
0.79359579	1.9571E-06
0.77128911	1.6775E-06
0.75213438	1.5732E-06
0.73194939	1.5059E-06
0.70891529	1.4525E-06
0.6869117	1.4065E-06
0.66733283	1.3683E-06
0.64466232	1.3264E-06
0.62320429	1.2882E-06
0.60271609	1.25E-06
0.58289462	1.2136E-06
0.56258827	1.2288E-06
0.54076648	1.1869E-06
0.52143008	1.1475E-06
0.50269967	1.1051E-06
0.4815447	1.0572E-06
0.46093529	1.0111E-06
0.4388105	9.5528E-07
0.41680679	9.0374E-07
0.39359099	8.3885E-07
0.36940521	7.0969E-07
0.3490988	6.4359E-07
0.32721639	5.6536E-07
0.30751619	4.8592E-07
0.2864219	3.895E-07
0.26435769	2.7307E-07
0.2425359	1.3845E-07
0.22041111	-1.1332E-08
0.1988318	-1.599E-07
0.17397919	-3.3515E-07
0.15232059	-4.625E-07
0.13230909	-5.6961E-07
0.1107032	-6.1835E-07
0.090437062	-6.6262E-07
0.067824863	-6.99E-07
0.046218999	-7.3842E-07
0.02288538	-7.8814E-07
-0.0035824131	-8.506E-07
-0.028176971	-9.1003E-07
-0.047642872	-9.7006E-07
-0.071109854	-1.0477E-06
-0.09317039	-1.1362E-06
-0.112709	-1.2205E-06
-0.1359638	-1.3382E-06
-0.1554964	-1.4346E-06
-0.1778298	-1.5498E-06
-0.1982898	-1.6826E-06
-0.21911541	-1.8233E-06
-0.2392399	-1.9791E-06
-0.25833401	-2.1362E-06
-0.27882221	-2.3181E-06
-0.29852241	-2.5291E-06
-0.31901059	-2.7929E-06
-0.34131721	-3.1616E-06
-0.36204791	-3.6298E-06
-0.38217241	-4.2344E-06
-0.4028424	-5.1185E-06
-0.4246642	-6.4854E-06
-0.44509181	-8.3864E-06
-0.4641858	-1.1046E-05
-0.48673499	-1.5865E-05
-0.4904325	-1.69E-05
