"CView Export Data File: Version 2.0"
"Export From File: c:\users\owner1\desktop\data\idei\m2\20240130_for_onset\1-butanol_4_20240118_light.txt"


  Open Circuit Potential (V): -0.3367
"E (Volts)"	"I (Amps/cm^2~)"
-0.4949787	-3.6656E-05
-0.47170219	-1.9763E-05
-0.4507291	-1.0065E-05
-0.4299984	-4.0021E-06
-0.40896469	-3.2189E-07
-0.38768849	1.9474E-06
-0.36659411	3.4883E-06
-0.3473182	4.809E-06
-0.32719371	6.6877E-06
-0.30731171	9.6973E-06
-0.2860961	1.6112E-05
-0.2663959	2.6987E-05
-0.2454228	4.5713E-05
-0.2234191	7.4106E-05
-0.2027491	0.00010779
-0.1842612	0.00014288
-0.16315299	0.00018757
-0.1428445	0.0002339
-0.1224693	0.00028441
-0.1034944	0.00033546
-0.08351928	0.00039167
-0.063210733	0.00045201
-0.043120429	0.00051325
-0.024472941	0.00057104
-0.0044493149	0.00063507
0.016386651	0.00069565
0.039477769	0.00076271
0.059707511	0.00081868
0.079876617	0.00086962
0.1007611	0.00091861
0.1193176	0.00095839
0.1430696	0.0010034
0.16476031	0.0010384
0.18671779	0.0010686
0.210991	0.0010935
0.23059461	0.0011109
0.2511434	0.0011247
0.2728439	0.0011361
0.29236221	0.0011438
0.31175941	0.0011504
0.33182329	0.0011564
0.35170531	0.001161
0.37286031	0.0011653
0.3946214	0.0011677
0.41517031	0.0011715
0.43638581	0.0011736
0.45693469	0.0011766
0.47457391	0.0011787
0.49500149	0.0011795
0.5148229	0.0011815
0.53919047	0.0011835
0.55883008	0.0011846
0.57725739	0.001186
0.59950352	0.0011876
0.61987042	0.0011892
0.63884318	0.0011912
0.65702802	0.0011916
0.67794049	0.0011931
0.69764072	0.0011944
0.7192806	0.0011954
0.73716241	0.0011964
0.76122689	0.0011978
0.78547329	0.0012022
0.79662663	0.0012031
0.77632028	0.0011978
0.75425601	0.001196
0.73255551	0.0011941
0.71315843	0.0011918
0.69357938	0.0011898
0.67351562	0.0011884
0.65211809	0.0011869
0.63059938	0.0011846
0.61144477	0.001183
0.59083539	0.001181
0.57022589	0.0011786
0.55028331	0.0011769
0.5284009	0.0011744
0.50809449	0.0011727
0.48645461	0.0011693
0.4657239	0.0011668
0.44535699	0.0011646
0.42577809	0.0011614
0.4045018	0.0011582
0.38540781	0.0011545
0.3645559	0.0011509
0.34461319	0.0011455
0.32436749	0.0011404
0.30309129	0.0011326
0.28405789	0.001124
0.26375151	0.0011139
0.2443544	0.0011024
0.22410861	0.0010858
0.2030749	0.0010651
0.1838596	0.0010426
0.16300771	0.0010105
0.1430089	0.00097828
0.1237673	0.00094105
0.1035982	0.00089696
0.080822334	0.00084233
0.06044104	0.00079042
0.03867149	0.00073039
0.01822958	0.00067109
-0.001133263	0.00061251
-0.021375131	0.00055036
-0.042138342	0.00048603
-0.06070096	0.00042927
-0.081536926	0.0003679
-0.1036399	0.00030563
-0.1239424	0.00025269
-0.1440388	0.00020394
-0.16347431	0.00016022
-0.1829039	0.00012087
-0.2030609	8.3566E-05
-0.2236616	5.112E-05
-0.2423313	2.837E-05
-0.26275891	1.1117E-05
-0.28203481	1.609E-06
-0.30385661	-3.6649E-06
-0.32385981	-5.6273E-06
-0.34513599	-6.3204E-06
-0.36465439	-6.5072E-06
-0.3848395	-6.9438E-06
-0.40544891	-7.6721E-06
-0.42927101	-9.5562E-06
-0.45097151	-1.3444E-05
-0.47309631	-2.1292E-05
-0.4930996	-3.4253E-05
-0.4964335	-3.1353E-05
-0.47982469	-1.8943E-05
-0.45800301	-9.4088E-06
-0.43781781	-4.0367E-06
-0.41581431	-4.9888E-07
-0.3924771	1.6375E-06
-0.37089789	3.0892E-06
-0.3486518	4.6107E-06
-0.32767871	6.2329E-06
-0.3071298	8.9186E-06
-0.28761151	1.3139E-05
-0.2665171	2.1932E-05
-0.2449984	3.743E-05
-0.2238435	6.0616E-05
-0.205598	8.7238E-05
-0.1856554	0.00012124
-0.1627408	0.00016351
-0.1419594	0.00020649
-0.1218449	0.00025421
-0.1011968	0.00030745
-0.082021907	0.00036045
-0.061980091	0.00041829
-0.04179886	0.00047954
-0.02129632	0.00054266
-0.001915293	0.0006033
0.0176476	0.00066296
0.038022831	0.00072427
0.057852458	0.00077969
0.077882141	0.00083166
0.096796371	0.00087774
0.1168261	0.00092207
0.1373165	0.00096348
0.1568854	0.00099677
0.1776547	0.0010281
0.1996728	0.0010549
0.21877439	0.0010734
0.2385353	0.0010889
0.25817481	0.0011023
0.27872369	0.001112
0.29981801	0.0011208
0.31879079	0.0011276
0.3388547	0.0011336
0.35837311	0.0011378
0.3770428	0.001141
0.39837959	0.0011447
0.42038319	0.0011481
0.44208369	0.0011509
0.46220821	0.0011542
0.48184779	0.0011555
0.50148737	0.001157
0.5213694	0.0011594
0.54282749	0.0011612
0.56307322	0.0011628
0.58519799	0.0011645
0.60501951	0.0011652
0.6245985	0.0011661
0.64551097	0.0011678
0.6641807	0.0011682
0.68782091	0.0011698
0.71067321	0.0011726
0.73461652	0.0011718
0.75486219	0.0011756
0.77438062	0.0011771
0.79602039	0.0011814
0.78359407	0.0011769
0.76383328	0.0011726
0.74334508	0.0011718
0.72346312	0.001169
0.70206559	0.0011669
0.68297172	0.0011652
0.66145289	0.0011646
0.64157093	0.0011623
0.62156773	0.0011606
0.602413	0.0011584
0.58253098	0.0011578
0.56167912	0.0011535
0.54319119	0.0011509
0.51949042	0.001149
0.5006994	0.0011479
0.48093861	0.0011447
0.46142021	0.0011422
0.44299299	0.0011397
0.4206863	0.0011365
0.4008649	0.0011329
0.3811647	0.0011282
0.36164629	0.0011268
0.34188551	0.001121
0.32170039	0.0011142
0.30042419	0.001107
0.28139079	0.0010987
0.26156929	0.0010878
0.2419298	0.0010758
0.2198049	0.0010574
0.19943801	0.0010356
0.1753128	0.0010047
0.15418769	0.00097137
0.1318119	0.00092971
0.1119763	0.00088781
0.092340618	0.00084142
0.071437962	0.00078976
0.048868202	0.00072851
0.029293191	0.00067352
0.0097242324	0.00061543
-0.01043882	0.00055285
-0.03186889	0.00048603
-0.05197132	0.00042606
-0.072273798	0.0003653
-0.09423735	0.00030417
-0.1142003	0.00025227
-0.13449679	0.00020267
-0.15439311	0.00015925
-0.17535029	0.0001179
-0.197041	7.9555E-05
-0.2190548	4.6921E-05
-0.24033099	2.3194E-05
-0.2633045	6.6113E-06
-0.28427759	-1.3111E-06
-0.30561441	-4.9184E-06
-0.32816359	-6.3059E-06
-0.3493185	-6.5484E-06
-0.36804891	-6.7358E-06
-0.38799149	-6.9129E-06
-0.4086616	-7.5526E-06
-0.42830119	-8.9704E-06
-0.44963801	-1.2115E-05
-0.46891391	-1.7483E-05
-0.48958391	-2.7809E-05
-0.49370581	-3.0588E-05
