"CView Export Data File: Version 2.0"
"Export From File: c:\users\owner1\desktop\data\idei\m2\20240130_for_onset\2-ethyl-1-butanol_6_20240119_light.txt"


  Open Circuit Potential (V): -0.3145
"E (Volts)"	"I (Amps/cm^2~)"
-0.4981308	-3.3471E-05
-0.48055211	-2.2044E-05
-0.45921531	-1.5052E-05
-0.43642369	-9.7096E-06
-0.41411701	-5.8826E-06
-0.39332569	-3.0604E-06
-0.37223139	-7.7419E-07
-0.34925789	1.2391E-06
-0.33004269	2.7393E-06
-0.3092514	4.3409E-06
-0.2893087	6.2535E-06
-0.26869929	9.1667E-06
-0.2496659	1.3442E-05
-0.2279653	2.1343E-05
-0.20620421	3.3832E-05
-0.1862009	5.0653E-05
-0.1658871	7.3584E-05
-0.1451118	0.00010454
-0.12514269	0.00013896
-0.1032459	0.00018281
-0.083482914	0.0002248
-0.063774534	0.00026888
-0.043084051	0.00031685
-0.023181681	0.00036348
-0.002424523	0.00041005
0.01926622	0.00046232
0.041090328	0.00051161
0.061380681	0.00055618
0.085393272	0.000609
0.1049501	0.0006469
0.1252344	0.00069031
0.1447185	0.00073294
0.164542	0.00076956
0.1847536	0.00080989
0.20344961	0.00084591
0.2241087	0.00088496
0.2459304	0.0009237
0.26847959	0.00096081
0.28908899	0.00099204
0.31121379	0.0010241
0.33042911	0.0010513
0.35085669	0.0010764
0.3722541	0.0011009
0.39437899	0.0011252
0.41213939	0.0011433
0.4344461	0.0011619
0.45729831	0.0011801
0.47936249	0.001197
0.50112373	0.0012126
0.52246052	0.0012273
0.54300928	0.001236
0.56501287	0.0012504
0.58374327	0.0012602
0.60550439	0.001267
0.62684119	0.0012758
0.65011781	0.0012829
0.66806012	0.0012892
0.69182158	0.0012971
0.71370387	0.0013003
0.73534381	0.0013061
0.75371051	0.0013101
0.773835	0.0013124
0.79353517	0.0013186
0.79026192	0.0013148
0.76831901	0.0013126
0.74661839	0.0013058
0.72388738	0.0013006
0.70406598	0.0012929
0.68418401	0.0012904
0.66557479	0.0012829
0.6446017	0.0012788
0.62350738	0.0012692
0.60374647	0.0012615
0.58186418	0.0012522
0.56216401	0.0012394
0.54216069	0.001229
0.52197558	0.0012157
0.50215417	0.0012017
0.4828783	0.0011892
0.45923799	0.0011706
0.4371132	0.001151
0.41662499	0.0011306
0.39668241	0.0011104
0.37686089	0.0010878
0.3585549	0.0010655
0.33655131	0.0010377
0.31442651	0.0010054
0.29418069	0.00097318
0.27417749	0.00094202
0.25229511	0.00090388
0.2314432	0.00086543
0.2129553	0.00083099
0.1929521	0.00079115
0.17076661	0.00074586
0.1503806	0.00070444
0.1303388	0.00066193
0.1099636	0.00061864
0.090855367	0.0005765
0.07021945	0.00053096
0.047710311	0.00047972
0.027535129	0.00043624
0.0068386002	0.00038785
-0.01393068	0.0003408
-0.035372868	0.00029229
-0.054335602	0.00024924
-0.074498653	0.00020552
-0.095001198	0.0001621
-0.1154977	0.00012188
-0.1362609	8.6977E-05
-0.1554964	5.8954E-05
-0.17552	3.6471E-05
-0.1986839	1.789E-05
-0.2197216	7.1031E-06
-0.24081589	1.6391E-07
-0.26087981	-3.1416E-06
-0.28179231	-5.2004E-06
-0.3044627	-6.2755E-06
-0.32446599	-6.8431E-06
-0.34556031	-7.3871E-06
-0.36774579	-8.1985E-06
-0.38829461	-9.4483E-06
-0.4076311	-1.119E-05
-0.4287861	-1.4104E-05
-0.44909239	-1.823E-05
-0.4699443	-2.4696E-05
-0.49000821	-3.3956E-05
-0.49576679	-3.7409E-05
-0.4810977	-2.2615E-05
-0.46103379	-1.5022E-05
-0.44175789	-9.9019E-06
-0.42090601	-6.1609E-06
-0.40053901	-3.2192E-06
-0.38186929	-1.0399E-06
-0.36259341	8.6828E-07
-0.34174159	2.541E-06
-0.3217383	3.9388E-06
-0.30070451	5.4742E-06
-0.27991319	7.405E-06
-0.25978869	1.0065E-05
-0.241119	1.4187E-05
-0.21917599	2.1726E-05
-0.19893029	3.2794E-05
-0.1788664	4.9384E-05
-0.158673	7.1788E-05
-0.1378856	0.00010139
-0.1183772	0.00013471
-0.09905684	0.00017186
-0.075959653	0.00022068
-0.055917852	0.0002644
-0.035548668	0.00031078
-0.01644651	0.00035469
0.002995132	0.00039907
0.02349161	0.00044607
0.042605899	0.00048869
0.06116851	0.00052999
0.081865028	0.00057492
0.1030284	0.00062179
0.1225913	0.00066236
0.1397596	0.00069735
0.16205651	0.00074313
0.1830804	0.00078478
0.2025706	0.00082293
0.22362369	0.00086204
0.2453849	0.00090018
0.26557001	0.00093529
0.28478521	0.00096573
0.3047885	0.00099768
0.32412499	0.0010243
0.34188551	0.0010477
0.3645559	0.0010772
0.3843773	0.0011
0.4045018	0.001118
0.4237777	0.0011377
0.44323549	0.0011537
0.46123841	0.0011718
0.48693961	0.0011887
0.50633663	0.0012024
0.52785528	0.001216
0.54743427	0.0012287
0.56701332	0.0012367
0.58562237	0.0012471
0.60768658	0.0012542
0.62872028	0.0012647
0.6499359	0.0012731
0.66854513	0.0012793
0.68988192	0.0012847
0.71194613	0.0012916
0.73382843	0.0012998
0.75589269	0.0013023
0.77589601	0.0013037
0.79438382	0.0013064
0.7867462	0.0013038
0.76528811	0.0013018
0.74601221	0.0012969
0.72734249	0.0012935
0.70697558	0.0012857
0.68769968	0.0012829
0.66848439	0.0012744
0.64884478	0.0012715
0.62969017	0.0012608
0.60914129	0.0012557
0.58677411	0.0012444
0.5664677	0.0012322
0.54725248	0.0012242
0.52615809	0.0012093
0.50579113	0.0011955
0.48669711	0.001183
0.46432981	0.0011652
0.44475079	0.0011508
0.42505059	0.00113
0.40589601	0.0011115
0.38565019	0.0010872
0.3653439	0.0010643
0.34661359	0.0010365
0.32315519	0.0010053
0.30454609	0.00097767
0.2837548	0.00094432
0.26078129	0.00090418
0.238414	0.00086373
0.21847139	0.00082626
0.19798321	0.00078606
0.1785254	0.00074737
0.16034061	0.00070832
0.1393231	0.00066848
0.1195541	0.00062446
0.1023191	0.00058686
0.080022119	0.00053817
0.059246771	0.00049203
0.0370165	0.00044303
0.01704137	0.00039671
-0.003188367	0.00035111
-0.02288463	0.00030587
-0.04058034	0.00026694
-0.062677257	0.00021758
-0.08444681	0.00017132
-0.1054707	0.00012998
-0.1249063	9.5866E-05
-0.1451966	6.5253E-05
-0.1648141	4.1757E-05
-0.188178	2.121E-05
-0.208335	9.5257E-06
-0.231178	1.6132E-06
-0.2525754	-2.5746E-06
-0.27239689	-4.4636E-06
-0.2932488	-5.4757E-06
-0.311676	-6.0633E-06
-0.33277041	-6.5029E-06
-0.3518644	-6.9687E-06
-0.3727769	-7.7655E-06
-0.3915073	-8.8631E-06
-0.41235909	-1.0688E-05
-0.43405959	-1.3654E-05
-0.45363861	-1.7771E-05
-0.47758201	-2.5594E-05
-0.48588631	-2.9314E-05
