"CView Export Data File: Version 2.0"
"Export From File: c:\users\owner1\desktop\data\idei\m2\20240130_for_onset\2-ethyl-1-butanol_2_20240119_dark.txt"


  Open Circuit Potential (V): -0.1976
"E (Volts)"	"I (Amps/cm^2~)"
-0.49710029	-4.4053E-05
-0.47533911	-2.8264E-05
-0.45563889	-1.9714E-05
-0.43599939	-1.3664E-05
-0.41478381	-1.1176E-05
-0.39411369	-5.3101E-06
-0.3743529	-4.6655E-06
-0.3530767	-3.9615E-06
-0.33434641	-6.0622E-07
-0.31343389	-2.9634E-07
-0.2937943	-1.5323E-07
-0.27276051	1.5902E-06
-0.25196931	2.1347E-06
-0.23293591	2.5611E-06
-0.2128114	2.934E-06
-0.1922625	3.0474E-06
-0.17068321	2.3737E-06
-0.149707	3.5398E-06
-0.12906501	2.3524E-06
-0.1090353	2.8182E-06
-0.087659813	3.0328E-06
-0.068563707	3.2706E-06
-0.048194539	3.085E-06
-0.02989259	3.1287E-06
-0.01066312	2.7848E-06
0.01043352	2.8479E-06
0.0304632	2.484E-06
0.050820239	2.3488E-06
0.068115853	2.2475E-06
0.089539863	1.7527E-06
0.1102243	2.0274E-06
0.1297144	2.2566E-06
0.15087169	2.2245E-06
0.1716167	2.1317E-06
0.1907734	1.8788E-06
0.2111305	1.8849E-06
0.23138259	1.652E-06
0.25162831	1.5114E-06
0.27205589	1.7442E-06
0.291453	1.4932E-06
0.31230491	1.6581E-06
0.33533901	1.5708E-06
0.355221	1.5077E-06
0.37631539	1.6593E-06
0.39722791	1.7042E-06
0.41710991	1.6023E-06
0.4381437	1.626E-06
0.45832881	1.632E-06
0.47705919	1.5156E-06
0.49785039	1.5235E-06
0.51870233	1.7958E-06
0.5388875	1.5908E-06
0.55907261	1.7842E-06
0.57853031	1.7764E-06
0.6005339	1.8091E-06
0.62399232	1.9455E-06
0.64551097	2.0729E-06
0.66539299	2.2093E-06
0.68576002	2.6065E-06
0.70497519	2.9965E-06
0.72534221	3.601E-06
0.7457698	5.0837E-06
0.76419711	7.67E-06
0.7850489	1.3048E-05
0.79814202	1.8236E-05
0.77347142	7.8562E-06
0.75352859	4.407E-06
0.73279798	2.3427E-06
0.71388578	1.5477E-06
0.69388252	1.2003E-06
0.67272753	1.1706E-06
0.65187562	8.8918E-07
0.63199359	7.2788E-07
0.61077797	1.0074E-06
0.58974433	7.1757E-07
0.57077152	6.4177E-07
0.54810113	8.3461E-07
0.52888578	6.7937E-07
0.50754899	8.8858E-07
0.48639399	7.6669E-07
0.4654209	7.8488E-07
0.44432649	5.1503E-07
0.4231109	4.0224E-07
0.40050119	4.4287E-07
0.38201329	7.0241E-07
0.35982779	5.69E-07
0.34067321	3.6222E-07
0.3195788	1.3845E-07
0.3007879	1.1238E-07
0.28139079	-4.5291E-08
0.2604782	1.8332E-07
0.2392626	-2.8785E-07
0.2183501	-3.6547E-07
0.1983469	-4.8433E-07
0.1782224	-3.7396E-07
0.1600982	-1.12E-07
0.1389412	-6.6747E-07
0.1180325	-1.5808E-07
0.097590543	-5.2072E-07
0.07654845	-9.4338E-07
0.055706419	-9.3489E-07
0.036198091	-4.9343E-07
0.0160896	-9.4156E-07
-0.0040128329	-9.6036E-07
-0.024915479	-1.7293E-06
-0.045157339	-1.3479E-06
-0.064059451	-1.0234E-06
-0.085022733	-1.6996E-06
-0.1053313	-1.2072E-06
-0.12623391	-1.0083E-06
-0.1483915	-3.7274E-06
-0.16903339	-2.4509E-06
-0.1891298	-1.4964E-06
-0.209693	-2.4764E-06
-0.2307537	-2.4982E-06
-0.2496659	-3.0992E-06
-0.26997221	-5.6073E-06
-0.29064229	-3.6255E-06
-0.31131229	-5.7026E-06
-0.33155811	-6.1031E-06
-0.35083401	-6.4672E-06
-0.37150401	-5.5205E-06
-0.39187089	-1.1164E-05
-0.41260159	-1.526E-05
-0.43096831	-1.6091E-05
-0.4507291	-2.2784E-05
-0.47115669	-3.4029E-05
-0.49061441	-4.2779E-05
-0.49697909	-4.3562E-05
-0.48140079	-2.6407E-05
-0.46127629	-1.6498E-05
-0.44096991	-1.5151E-05
-0.42048171	-8.2694E-06
-0.40326679	-6.4065E-06
-0.37986901	-3.3724E-06
-0.3613205	-5.0533E-06
-0.3389532	-3.7243E-06
-0.31828311	2.1141E-06
-0.29743129	8.7342E-07
-0.2765187	2.0535E-06
-0.25445449	-2.072E-07
-0.2342694	4.2353E-06
-0.2134175	4.1056E-06
-0.19383851	3.9716E-06
-0.1731685	2.1742E-06
-0.1517318	2.9012E-06
-0.130817	1.837E-06
-0.1102538	4.1729E-06
-0.087477937	3.991E-06
-0.067036018	2.5101E-06
-0.046588041	2.6247E-06
-0.0272737	1.3725E-06
-0.0068499669	1.7072E-06
0.01345858	1.5017E-06
0.033967178	1.8237E-06
0.056785502	2.2894E-06
0.076487817	2.1687E-06
0.097523838	1.7151E-06
0.1176869	1.213E-06
0.1383774	1.8679E-06
0.16106839	1.6563E-06
0.18183769	1.4653E-06
0.2003942	1.2761E-06
0.22241139	1.1518E-06
0.24138419	1.4992E-06
0.26108441	1.8085E-06
0.2804209	1.2215E-06
0.30030301	1.6702E-06
0.32012439	1.6484E-06
0.34000641	1.2961E-06
0.36049461	1.6708E-06
0.3795886	1.3209E-06
0.40007681	1.2937E-06
0.42359579	1.5314E-06
0.44462961	1.2821E-06
0.46487531	1.6308E-06
0.4856666	1.5283E-06
0.50609422	1.4707E-06
0.52852207	1.1657E-06
0.54901028	1.1991E-06
0.56586152	1.5684E-06
0.58847141	1.2803E-06
0.61241472	1.2427E-06
0.63369077	1.4853E-06
0.65339112	1.7242E-06
0.67406112	1.6302E-06
0.69406438	2.367E-06
0.71437073	2.4889E-06
0.73491949	3.669E-06
0.75352859	5.0843E-06
0.7740168	8.439E-06
0.79395938	1.472E-05
0.78753418	1.1284E-05
0.76589429	5.2778E-06
0.74516362	3.0347E-06
0.72655457	1.9431E-06
0.70546019	9.1769E-07
0.68454772	1.0529E-06
0.66339272	6.7876E-07
0.64205593	5.0533E-07
0.62199199	5.8052E-07
0.60023081	4.4651E-07
0.57980323	4.8714E-07
0.55755723	8.4067E-07
0.53882688	4.5136E-07
0.51736879	7.3637E-07
0.49863851	6.5754E-07
0.47578621	4.2225E-07
0.45541921	3.0703E-07
0.43650699	4.4833E-07
0.41735241	5.593E-07
0.39656109	5.0593E-07
0.37673971	3.5736E-07
0.3571001	3.4766E-07
0.33612701	2.476E-07
0.31557819	1.3602E-07
0.29539299	2.2335E-07
0.27805689	2.1971E-07
0.25453791	-4.1399E-07
0.23477709	1.1419E-07
0.21580429	-6.0864E-07
0.1952554	-4.0368E-07
0.17464601	-1.1745E-07
0.1548667	-2.8604E-07
0.1344309	-9.441E-08
0.1135888	-1.3764E-06
0.093340904	-9.3804E-08
0.071638018	-6.4745E-07
0.051141541	-1.7978E-06
0.03029952	-2.1156E-06
0.0105972	-1.6583E-06
-0.0124333	-1.283E-06
-0.031735521	-2.725E-06
-0.0527776	-4.5583E-07
-0.072528422	-3.0185E-06
-0.091976121	-4.8676E-07
-0.1124059	-6.3533E-07
-0.1331024	-8.2149E-07
-0.1529866	-4.3472E-06
-0.1736892	-2.0683E-06
-0.19285201	-1.3424E-06
-0.21402369	-2.3529E-06
-0.23639099	-1.2849E-06
-0.256273	-5.4902E-06
-0.27712491	-3.0326E-06
-0.29706761	-5.2778E-06
-0.3176164	-2.4864E-06
-0.33780149	-7.4017E-06
-0.35507709	-4.4647E-06
-0.37811109	-1.0539E-05
-0.3982963	-1.2196E-05
-0.41981491	-1.0848E-05
-0.44121239	-1.2742E-05
-0.46133691	-2.182E-05
-0.48231	-3.2342E-05
-0.49037191	-3.2815E-05
