"CView Export Data File: Version 2.0"
"Export From File: c:\users\owner1\desktop\data\idei\m2\20240130_for_onset\2-ethyl-1-butanol_1_20240119_light.txt"


  Open Circuit Potential (V): -0.3038
"E (Volts)"	"I (Amps/cm^2~)"
-0.4981308	-1.8306E-05
-0.47467241	-1.0457E-05
-0.45400241	-8.4883E-06
-0.43115011	-5.449E-06
-0.4110862	-3.8305E-06
-0.3912648	-1.4964E-06
-0.3688975	-5.6206E-08
-0.34822741	1.2294E-06
-0.3292546	3.1753E-06
-0.30961511	4.6513E-06
-0.28894499	7.4117E-06
-0.26869929	1.1171E-05
-0.2489991	1.7661E-05
-0.2277229	3.0057E-05
-0.2090532	4.6126E-05
-0.1890499	7.1721E-05
-0.16877881	0.00010444
-0.14760339	0.00014644
-0.1272887	0.00019217
-0.1062588	0.0002436
-0.084289193	0.00029835
-0.063392602	0.00035147
-0.04441775	0.00040101
-0.02438806	0.00045152
-0.001496998	0.00050955
0.01853269	0.00056031
0.038028888	0.00060718
0.05805251	0.0006552
0.079076387	0.0007059
0.097705707	0.00074804
0.1183295	0.00079582
0.13828041	0.00083905
0.15890419	0.00088162
0.17805479	0.00092134
0.1994182	0.0009613
0.2192594	0.00099671
0.2402325	0.0010306
0.261145	0.0010618
0.27926919	0.0010882
0.3009091	0.001115
0.32109419	0.0011375
0.34079441	0.0011597
0.36085829	0.0011778
0.38474101	0.0011989
0.40480489	0.0012137
0.42462629	0.00123
0.44675109	0.0012433
0.4685123	0.0012558
0.48839429	0.0012655
0.50991303	0.0012762
0.52846152	0.001282
0.55046511	0.0012907
0.57065022	0.0012979
0.58986551	0.0013037
0.60829282	0.0013092
0.62950838	0.0013123
0.64945102	0.0013187
0.66842377	0.0013215
0.69048798	0.0013259
0.70946091	0.0013302
0.72934288	0.0013323
0.74964923	0.0013379
0.77165282	0.0013405
0.79317153	0.0013428
0.78656441	0.0013405
0.76456082	0.0013383
0.74522418	0.0013357
0.72546339	0.0013312
0.70558143	0.0013279
0.68388093	0.0013242
0.66508991	0.0013188
0.64157093	0.0013122
0.62314367	0.0013084
0.60101879	0.001301
0.5810762	0.0012945
0.56016368	0.0012893
0.54143327	0.0012799
0.52094507	0.0012723
0.50112373	0.0012628
0.48312071	0.0012541
0.46257189	0.0012424
0.44275051	0.0012285
0.42329279	0.0012167
0.40347129	0.0012001
0.3835893	0.0011849
0.36473769	0.0011654
0.3429766	0.0011428
0.3232764	0.001122
0.30387929	0.0010967
0.28490651	0.0010728
0.26514569	0.0010426
0.2448999	0.001012
0.2229569	0.00097458
0.2036204	0.00093729
0.1837384	0.00089999
0.162644	0.00085658
0.14297859	0.00081371
0.1205968	0.00076368
0.098615058	0.00071354
0.076372638	0.00066157
0.055257808	0.00061154
0.03588891	0.00056358
0.016186589	0.00051562
-0.0044553769	0.00046377
-0.025624771	0.00040962
-0.048067231	0.00035226
-0.067969613	0.00030211
-0.087538563	0.00025251
-0.1071075	0.00020431
-0.1266098	0.0001584
-0.1465728	0.00011509
-0.16686919	7.7225E-05
-0.1862381	4.7612E-05
-0.2065345	2.4565E-05
-0.22808661	9.2012E-06
-0.24808989	6.3146E-07
-0.26924479	-3.7759E-06
-0.2883389	-6.3077E-06
-0.30840269	-7.3155E-06
-0.32840601	-8.4301E-06
-0.34937921	-9.4507E-06
-0.3676852	-1.0554E-05
-0.38902199	-1.2143E-05
-0.40878281	-1.3665E-05
-0.42902851	-1.6605E-05
-0.44866809	-1.9902E-05
-0.4675197	-2.4235E-05
-0.48770481	-3.0218E-05
-0.49758521	-3.435E-05
-0.47933981	-1.9307E-05
-0.45824549	-1.1779E-05
-0.43866649	-7.6539E-06
-0.41848141	-5.1064E-06
-0.3957504	-1.6965E-06
-0.37544399	5.0715E-07
-0.35113701	2.0699E-06
-0.33137619	3.5944E-06
-0.31040311	5.5221E-06
-0.2900967	7.5051E-06
-0.269063	1.123E-05
-0.24639259	1.7677E-05
-0.2257832	2.7235E-05
-0.2034765	4.53E-05
-0.1826852	7.0477E-05
-0.1618436	0.00010407
-0.14319	0.00014171
-0.1220146	0.00018691
-0.1018334	0.00023444
-0.082991861	0.00028071
-0.062543891	0.00033286
-0.04030754	0.00038931
-0.020199049	0.00044
-9.6617398E-05	0.00049148
0.020072499	0.00054151
0.038574491	0.00058881
0.058889098	0.00063738
0.07964626	0.00068667
0.099281892	0.00073239
0.1199724	0.00078042
0.13834099	0.00081953
0.1591042	0.00086543
0.1821893	0.00091194
0.202025	0.0009499
0.222169	0.00098519
0.24011131	0.0010161
0.2636303	0.0010531
0.28151199	0.0010769
0.30412179	0.0011065
0.32388261	0.0011304
0.3434009	0.0011504
0.3653439	0.0011716
0.38655949	0.001192
0.40644151	0.0012066
0.42832389	0.0012219
0.44796339	0.0012345
0.46717879	0.0012457
0.48578781	0.0012547
0.50760961	0.0012662
0.52737039	0.0012742
0.54713118	0.0012805
0.57143831	0.001289
0.59138089	0.0012964
0.61108112	0.0013014
0.63211483	0.001306
0.65290612	0.0013117
0.67103028	0.0013152
0.69151849	0.0013182
0.7111581	0.0013244
0.73128259	0.0013257
0.74928552	0.0013309
0.77019799	0.0013326
0.79377759	0.0013371
0.78771597	0.0013331
0.76716721	0.0013306
0.7469821	0.0013265
0.72534221	0.0013215
0.70303547	0.0013172
0.67854673	0.0013123
0.65824032	0.001306
0.63841891	0.0013033
0.62017351	0.001296
0.60023081	0.0012927
0.58040941	0.0012846
0.56198221	0.0012793
0.53979671	0.0012704
0.51997519	0.0012607
0.50015378	0.001252
0.48160541	0.0012412
0.46123841	0.0012291
0.4395985	0.0012169
0.41995889	0.0012011
0.39977369	0.0011846
0.37777019	0.0011671
0.3564333	0.001146
0.3381879	0.0011242
0.31612369	0.0010988
0.29618111	0.0010741
0.2758747	0.0010448
0.2553865	0.0010133
0.2332617	0.00097767
0.214895	0.00094323
0.1907699	0.00089745
0.1687663	0.00085252
0.14716759	0.00080516
0.1279321	0.00076338
0.10689	0.00071475
0.086520858	0.00066618
0.066485107	0.00061943
0.046443298	0.00057007
0.025874071	0.00051919
0.0054988419	0.00046929
-0.01379731	0.00041975
-0.032426611	0.000373
-0.052662421	0.00032224
-0.07021264	0.00027834
-0.092788473	0.00022207
-0.1132849	0.00017302
-0.1337875	0.00012825
-0.1536777	8.91E-05
-0.17296781	5.7382E-05
-0.1930581	3.2205E-05
-0.2141449	1.4426E-05
-0.2339057	3.9916E-06
-0.25421211	-2.366E-06
-0.27488211	-5.2046E-06
-0.29403669	-6.8316E-06
-0.31410071	-7.6612E-06
-0.33446759	-8.9625E-06
-0.35422841	-9.7321E-06
-0.37514091	-1.075E-05
-0.3941744	-1.2457E-05
-0.4141776	-1.385E-05
-0.43333229	-1.6152E-05
-0.45424479	-2.0309E-05
-0.47479361	-2.5588E-05
-0.489099	-2.9672E-05
