"CView Export Data File: Version 2.0"
"Export From File: c:\users\owner1\desktop\data\idei\m2\20240130_for_onset\1-butanol_5_20240118_light.txt"


  Open Circuit Potential (V): -0.3366
"E (Volts)"	"I (Amps/cm^2~)"
-0.49807021	-3.0097E-05
-0.47909731	-1.725E-05
-0.45800301	-9.743E-06
-0.4371511	-4.7644E-06
-0.41696599	-1.5104E-06
-0.3925983	1.0675E-06
-0.37283751	2.6362E-06
-0.3516219	4.0777E-06
-0.33246729	5.7053E-06
-0.31131229	8.801E-06
-0.2908847	1.4568E-05
-0.2703965	2.5464E-05
-0.25002959	4.3777E-05
-0.23226909	6.6515E-05
-0.2109323	0.00010125
-0.1911715	0.00013857
-0.16856059	0.00018595
-0.1485188	0.0002308
-0.127216	0.00028047
-0.1085079	0.0003257
-0.087605238	0.00037797
-0.067242131	0.00043091
-0.047673181	0.00048281
-0.02637648	0.00054078
-0.007280387	0.00059341
0.0130221	0.00064859
0.03197876	0.00070068
0.052608609	0.00075525
0.074687332	0.00081328
0.095050439	0.00086592
0.1138071	0.00091055
0.1331699	0.00095796
0.1561216	0.0010049
0.176806	0.0010441
0.1987635	0.0010815
0.2178652	0.0011114
0.23865651	0.0011379
0.26035699	0.0011624
0.27823871	0.0011793
0.29903001	0.0011974
0.31963941	0.0012126
0.3407338	0.0012255
0.360434	0.0012372
0.38055849	0.0012467
0.40201661	0.0012558
0.42092869	0.0012622
0.4412351	0.0012683
0.46075341	0.0012736
0.48518169	0.0012791
0.50542742	0.0012844
0.52488518	0.0012881
0.54313058	0.001292
0.56513423	0.0012953
0.58483428	0.0012976
0.6070804	0.0013015
0.62865973	0.0013023
0.64860243	0.0013041
0.67018169	0.0013075
0.68866962	0.0013079
0.70891529	0.0013115
0.72861552	0.001312
0.74789143	0.0013145
0.76698542	0.0013166
0.78680682	0.0013186
0.79553562	0.0013197
0.77444118	0.0013161
0.75249821	0.0013135
0.73031282	0.0013101
0.7086122	0.0013078
0.69006371	0.0013057
0.67018169	0.0013027
0.64793563	0.0013003
0.6275686	0.0012972
0.60744411	0.001293
0.5869559	0.0012903
0.56840742	0.0012859
0.54446411	0.0012805
0.52500641	0.0012767
0.50500321	0.0012721
0.4853029	0.0012665
0.46366301	0.0012601
0.4449327	0.0012542
0.4229897	0.0012453
0.40377441	0.0012394
0.38346809	0.0012285
0.3632223	0.0012189
0.34455261	0.0012082
0.32424629	0.0011955
0.30375811	0.001182
0.2852096	0.0011644
0.26466069	0.0011461
0.24453621	0.0011209
0.2235025	0.001093
0.20289309	0.0010627
0.1804045	0.001025
0.1624622	0.00098816
0.1403597	0.00094159
0.1178506	0.00089041
0.096675128	0.00083784
0.076215021	0.00078442
0.055997409	0.00073203
0.036489081	0.00067976
0.016853441	0.00062616
-0.0040552691	0.0005697
-0.023890959	0.00051422
-0.042659689	0.00046456
-0.062362019	0.00041162
-0.083331347	0.00035778
-0.1031004	0.00030933
-0.121857	0.00026367
-0.14223219	0.00021686
-0.16439579	0.0001675
-0.18535911	0.00012387
-0.2051948	8.6279E-05
-0.22548009	5.3201E-05
-0.24760491	2.5518E-05
-0.26948729	8.0424E-06
-0.28997549	-7.3617E-07
-0.30773601	-4.369E-06
-0.33064881	-6.2222E-06
-0.35047019	-6.7279E-06
-0.37065539	-6.9438E-06
-0.38841581	-7.2822E-06
-0.4095102	-8.1026E-06
-0.4287861	-9.7503E-06
-0.4507291	-1.3505E-05
-0.47091421	-1.9742E-05
-0.49146301	-3.043E-05
-0.4976458	-2.8968E-05
-0.47727889	-1.6528E-05
-0.45218381	-7.6921E-06
-0.4317562	-3.349E-06
-0.41248041	-6.6792E-07
-0.39320451	1.2403E-06
-0.37204951	2.8879E-06
-0.35089451	4.3566E-06
-0.33010319	6.0928E-06
-0.30761471	8.8519E-06
-0.28694469	1.3867E-05
-0.2678507	2.2156E-05
-0.24621069	3.8801E-05
-0.2256619	6.2534E-05
-0.206386	9.1516E-05
-0.18698891	0.00012611
-0.16526879	0.00016909
-0.145421	0.00021146
-0.1276404	0.00025166
-0.1065983	0.00030072
-0.087150566	0.00034856
-0.067102708	0.00039974
-0.045799941	0.00045553
-0.02715851	0.0005061
-0.006916652	0.00056128
0.0117854	0.00061318
0.033621639	0.00067176
0.051929642	0.00072415
0.07209269	0.0007752
0.090794727	0.00082408
0.1127583	0.00087792
0.1333942	0.00092613
0.1517507	0.00096894
0.17458721	0.0010129
0.19441681	0.0010481
0.21501631	0.0010811
0.2337466	0.0011077
0.25374979	0.0011333
0.27290449	0.0011524
0.29205921	0.00117
0.31188059	0.0011856
0.3312777	0.0011986
0.35140219	0.0012098
0.3731634	0.0012218
0.3926211	0.001232
0.41159391	0.0012402
0.43293071	0.001249
0.45244911	0.0012524
0.47105819	0.0012601
0.4930011	0.0012648
0.51488352	0.0012685
0.53518993	0.0012718
0.55446577	0.001277
0.57671177	0.0012803
0.59853357	0.0012824
0.62023407	0.0012852
0.64132851	0.001288
0.65975571	0.0012877
0.67957711	0.0012913
0.69994408	0.0012966
0.72012931	0.0012959
0.73843533	0.0012994
0.76159048	0.0012989
0.78098762	0.0013027
0.80080909	0.0013055
0.78068459	0.0013041
0.76098442	0.0012981
0.7423147	0.0012985
0.72243267	0.001293
0.70248997	0.0012911
0.68206239	0.00129
0.66017997	0.0012851
0.64096469	0.0012828
0.62059778	0.0012804
0.5989579	0.001275
0.57913637	0.0012718
0.55798149	0.00127
0.53567481	0.0012658
0.51391369	0.0012598
0.4914858	0.0012538
0.46942151	0.0012481
0.4498426	0.0012418
0.4312335	0.0012348
0.40916929	0.0012263
0.38874161	0.0012181
0.36819291	0.0012086
0.3485533	0.0011968
0.32933801	0.0011839
0.30775869	0.0011684
0.28739169	0.0011514
0.2676309	0.0011314
0.2485369	0.0011088
0.22823051	0.0010838
0.2091365	0.001054
0.18979999	0.001021
0.16931181	0.00098301
0.14944699	0.00094074
0.1276108	0.00089054
0.1079085	0.00084087
0.088466831	0.00079406
0.067764238	0.000739
0.047061641	0.00068388
0.02748663	0.0006304
0.006862849	0.00057437
-0.01203926	0.00052247
-0.031274781	0.0004705
-0.050910421	0.0004186
-0.072134368	0.00036311
-0.091103166	0.00031521
-0.1110601	0.0002681
-0.1310958	0.00022177
-0.1514589	0.0001769
-0.1708824	0.00013647
-0.1941797	9.1934E-05
-0.2150542	5.7595E-05
-0.23445129	3.2169E-05
-0.25554559	1.2919E-05
-0.2757307	1.8758E-06
-0.29549149	-3.7086E-06
-0.31507051	-5.691E-06
-0.33531621	-6.586E-06
-0.3553195	-6.7928E-06
-0.37544399	-6.9086E-06
-0.39635649	-7.2731E-06
-0.41623861	-8.2409E-06
-0.4375754	-1.0393E-05
-0.4570331	-1.4089E-05
-0.47782439	-2.0515E-05
-0.48606819	-2.4575E-05
