"CView Export Data File: Version 2.0"
"Export From File: c:\users\owner1\desktop\data\idei\m2\20240130_for_onset\meoh_7_20240119_dark.txt"


  Open Circuit Potential (V): 0.0222
"E (Volts)"	"I (Amps/cm^2~)"
-0.49703971	-2.827E-05
-0.47746071	-2.0272E-05
-0.45527521	-1.4662E-05
-0.43496889	-1.1214E-05
-0.41235909	-8.5126E-06
-0.3932651	-6.7958E-06
-0.3733831	-5.392E-06
-0.35459211	-4.2586E-06
-0.3360436	-3.332E-06
-0.31543419	-2.4333E-06
-0.29440051	-1.6468E-06
-0.27057841	-8.5788E-07
-0.24833231	-2.1569E-07
-0.227541	3.0629E-07
-0.2067498	7.7876E-07
-0.18262459	1.2824E-06
-0.1636259	1.6057E-06
-0.1428566	1.9261E-06
-0.1228148	2.1948E-06
-0.102579	2.4325E-06
-0.083416224	2.6144E-06
-0.062786378	2.7684E-06
-0.041883729	2.9012E-06
-0.020653719	3.011E-06
0.0001761841	3.1068E-06
0.020133119	3.196E-06
0.040678099	3.2984E-06
0.061701991	3.3664E-06
0.081464931	3.4143E-06
0.1018826	3.4391E-06
0.1218395	3.4367E-06
0.1428574	3.4076E-06
0.16248091	3.3639E-06
0.18263181	3.3033E-06
0.2029828	3.2311E-06
0.2226539	3.1529E-06
0.24259651	3.0668E-06
0.2628423	2.9752E-06
0.28339109	2.8885E-06
0.30339429	2.8042E-06
0.32424629	2.7114E-06
0.34388581	2.6314E-06
0.36419219	2.5532E-06
0.38528651	2.4749E-06
0.40547171	2.4088E-06
0.42571741	2.3476E-06
0.44687241	2.2888E-06
0.4699671	2.2324E-06
0.49027339	2.1869E-06
0.50997359	2.1548E-06
0.53082561	2.1202E-06
0.55337459	2.0935E-06
0.57380229	2.0784E-06
0.5936237	2.0644E-06
0.61350572	2.0559E-06
0.63241792	2.0614E-06
0.65302742	2.079E-06
0.67193961	2.105E-06
0.69285202	2.1578E-06
0.71346152	2.2494E-06
0.73328292	2.4113E-06
0.75383168	2.7254E-06
0.77480477	3.3906E-06
0.79383832	4.6435E-06
0.78795862	3.4652E-06
0.76662183	2.2488E-06
0.745588	1.6987E-06
0.7234025	1.4276E-06
0.70085341	1.2949E-06
0.68030459	1.1909E-06
0.65854341	1.1138E-06
0.63835829	1.0525E-06
0.61847627	1.0014E-06
0.59974593	9.5095E-07
0.57968199	9.0616E-07
0.55846637	8.4852E-07
0.53803879	7.9336E-07
0.51567161	7.491E-07
0.4959107	6.9305E-07
0.47457391	6.3474E-07
0.45263091	5.7601E-07
0.43002111	5.1667E-07
0.4089874	4.5667E-07
0.38831729	3.9678E-07
0.36607131	3.3132E-07
0.3449769	2.6641E-07
0.325701	2.0864E-07
0.30484909	1.3839E-07
0.28490651	6.9177E-08
0.262721	-6.7089E-09
0.24065679	-8.6292E-08
0.2203505	-1.7054E-07
0.2013777	-2.5128E-07
0.180647	-3.4607E-07
0.1614923	-4.5911E-07
0.1384501	-5.8803E-07
0.1176687	-7.5623E-07
0.094953462	-1.628E-06
0.07638476	-1.0998E-06
0.05326939	-1.3327E-06
0.033227589	-1.5346E-06
0.01373138	-1.7711E-06
-0.006977275	-2.0422E-06
-0.02908631	-2.386E-06
-0.05006171	-2.7656E-06
-0.070964359	-3.1895E-06
-0.090927348	-3.6267E-06
-0.1112965	-4.0931E-06
-0.1317324	-4.5649E-06
-0.1512953	-5.0063E-06
-0.17185239	-5.4466E-06
-0.1921609	-5.8504E-06
-0.2114571	-6.1925E-06
-0.2314205	-6.5163E-06
-0.25148439	-6.828E-06
-0.27227569	-7.1585E-06
-0.29149091	-7.5223E-06
-0.31143361	-8.0105E-06
-0.33192179	-8.626E-06
-0.3521069	-9.3973E-06
-0.3724739	-1.0405E-05
-0.39174971	-1.1594E-05
-0.4124198	-1.3272E-05
-0.43175629	-1.5268E-05
-0.45000169	-1.7825E-05
-0.47182351	-2.2002E-05
-0.49516061	-2.9083E-05
-0.48158261	-1.6036E-05
-0.46248859	-1.1439E-05
-0.44242471	-8.2749E-06
-0.42284581	-6.1197E-06
-0.40266061	-4.4648E-06
-0.38229361	-3.1877E-06
-0.3608962	-2.1004E-06
-0.3390744	-1.1629E-06
-0.31876811	-4.2899E-07
-0.298098	2.6035E-07
-0.27554891	8.716E-07
-0.25663671	1.3361E-06
-0.2352999	1.8091E-06
-0.2141449	2.1972E-06
-0.1922625	2.5386E-06
-0.1720168	2.8139E-06
-0.15263499	3.0322E-06
-0.1303926	3.2445E-06
-0.1096173	3.3876E-06
-0.089842223	3.4707E-06
-0.069460921	3.5252E-06
-0.049219061	3.5453E-06
-0.0281891	3.5295E-06
-0.0074743801	3.4961E-06
0.01342221	3.4695E-06
0.03232431	3.4543E-06
0.052760169	3.4331E-06
0.073329389	3.4112E-06
0.094153233	3.3767E-06
0.1143284	3.3203E-06
0.1315573	3.2536E-06
0.15538201	3.1535E-06
0.1746114	3.0601E-06
0.1951019	2.9528E-06
0.2173197	2.8461E-06
0.2382322	2.7424E-06
0.25696251	2.6544E-06
0.27914801	2.5641E-06
0.29981801	2.4816E-06
0.31897271	2.4107E-06
0.3388547	2.344E-06
0.35994911	2.2827E-06
0.37964931	2.2263E-06
0.39983439	2.179E-06
0.4203226	2.1299E-06
0.43874991	2.0905E-06
0.45875311	2.0577E-06
0.4799687	2.0232E-06
0.4996689	1.9928E-06
0.51749003	1.9747E-06
0.53755391	1.9534E-06
0.55743593	1.9346E-06
0.57804543	1.9243E-06
0.59907907	1.9183E-06
0.61768818	1.9164E-06
0.63920689	1.9237E-06
0.6604225	1.9407E-06
0.67909223	1.9759E-06
0.70164138	2.0432E-06
0.72194773	2.1529E-06
0.74140543	2.3488E-06
0.76140869	2.7454E-06
0.78153318	3.5647E-06
0.80038482	4.7708E-06
0.7791692	2.7133E-06
0.75692308	1.8461E-06
0.73534387	1.4723E-06
0.71612859	1.2996E-06
0.69594347	1.1927E-06
0.67684942	1.1208E-06
0.65854341	1.062E-06
0.63775212	1.0057E-06
0.6172033	9.6377E-07
0.59768498	9.0822E-07
0.57895458	8.5985E-07
0.55986059	8.1597E-07
0.53900868	7.6736E-07
0.51876289	7.2063E-07
0.49694121	6.6711E-07
0.47505879	6.1486E-07
0.45590419	5.6449E-07
0.43359751	5.0764E-07
0.41347301	4.526E-07
0.39201501	3.9745E-07
0.37231469	3.4072E-07
0.35273579	2.8695E-07
0.3323082	2.2398E-07
0.31194121	1.6028E-07
0.29018009	8.7966E-08
0.26799461	1.7657E-08
0.24605159	-6.2956E-08
0.2268364	-1.3478E-07
0.2062269	-2.0356E-07
0.186951	-3.1074E-07
0.1665841	-4.0753E-07
0.1468706	-5.2985E-07
0.12710761	-6.6531E-07
0.1061868	-8.2145E-07
0.083556414	-1.004E-06
0.061314002	-1.2035E-06
0.04147831	-1.3976E-06
0.02070904	-1.6092E-06
-0.001466686	-1.8585E-06
-0.022235969	-2.1374E-06
-0.040792521	-2.4576E-06
-0.065435581	-2.8766E-06
-0.086338229	-3.3023E-06
-0.1056283	-3.7256E-06
-0.1260581	-4.1907E-06
-0.1459544	-4.6473E-06
-0.1667783	-5.0991E-06
-0.1920882	-5.6067E-06
-0.213963	-5.9996E-06
-0.23396631	-6.3083E-06
-0.25396961	-6.5994E-06
-0.27524579	-6.9032E-06
-0.29391551	-7.247E-06
-0.3141613	-7.6848E-06
-0.33410391	-8.2712E-06
-0.35507709	-9.0274E-06
-0.3740499	-9.9207E-06
-0.39435619	-1.1103E-05
-0.41302589	-1.248E-05
-0.4346658	-1.4623E-05
-0.45679069	-1.7728E-05
-0.47794569	-2.2014E-05
-0.4921298	-2.6183E-05
