"CView Export Data File: Version 2.0"
"Export From File: c:\users\owner1\desktop\data\idei\m2\20240130_for_onset\meoh_6_20240118_light.txt"


  Open Circuit Potential (V): -0.3105
"E (Volts)"	"I (Amps/cm^2~)"
-0.49449381	-1.2283E-05
-0.47442991	-7.2112E-06
-0.45369929	-4.0743E-06
-0.4307864	-1.9415E-06
-0.40896469	-5.664E-07
-0.391083	3.6538E-07
-0.3659879	1.4701E-06
-0.3453179	2.3622E-06
-0.32434481	3.2075E-06
-0.30506891	4.014E-06
-0.28439879	4.9588E-06
-0.2634863	6.1662E-06
-0.24348301	7.4214E-06
-0.22038829	9.3377E-06
-0.19990011	1.1427E-05
-0.1805636	1.3607E-05
-0.15929741	1.628E-05
-0.1365943	1.8972E-05
-0.1172982	2.0937E-05
-0.098662801	2.2915E-05
-0.077826828	2.4899E-05
-0.058330622	2.6695E-05
-0.03956794	2.8401E-05
-0.01940489	3.0306E-05
0.00067935098	3.2618E-05
0.021169771	3.5324E-05
0.041848119	3.8959E-05
0.061483741	4.3189E-05
0.084556676	4.8668E-05
0.1031799	5.3972E-05
0.1242705	6.0374E-05
0.1444214	6.6733E-05
0.16477241	7.3402E-05
0.183717	7.9397E-05
0.2038012	8.552E-05
0.2227751	9.1491E-05
0.24350581	9.7578E-05
0.26532751	0.00010371
0.2853308	0.00010919
0.30642521	0.0001148
0.3259435	0.00011984
0.34818959	0.00012531
0.36849591	0.00013025
0.38898411	0.00013515
0.40947229	0.00013988
0.4301424	0.00014461
0.45014569	0.00014899
0.46845159	0.00015313
0.48906109	0.00015743
0.5094887	0.00016181
0.5289464	0.00016592
0.54913157	0.00017015
0.56846797	0.00017392
0.58810759	0.00017793
0.60738349	0.00018165
0.62878102	0.00018557
0.64769322	0.00018926
0.66969669	0.00019347
0.68945748	0.00019723
0.71006697	0.00020101
0.73104012	0.00020279
0.74928552	0.00020606
0.76959193	0.00020934
0.78898889	0.00021334
0.79214102	0.00021298
0.77256203	0.00021037
0.75177079	0.00020558
0.72946411	0.00020049
0.709279	0.00019588
0.68903333	0.00019127
0.66812068	0.00018636
0.64848107	0.00018217
0.625144	0.00017684
0.60598928	0.00017229
0.58386451	0.00016732
0.56058788	0.00016192
0.53931183	0.00015699
0.52027828	0.00015278
0.49760801	0.00014741
0.47790781	0.00014265
0.4582682	0.00013772
0.4372344	0.00013295
0.417413	0.00012788
0.40013751	0.00012362
0.37813389	0.00011789
0.3591004	0.00011282
0.3398245	0.00010781
0.31988189	0.00010228
0.29927239	9.6558E-05
0.27684459	9.0193E-05
0.25714439	8.4458E-05
0.2366562	7.8408E-05
0.2173197	7.2522E-05
0.194528	6.5598E-05
0.1724032	5.893E-05
0.1497744	5.2212E-05
0.1295386	4.6611E-05
0.1102364	4.1496E-05
0.08913368	3.6574E-05
0.068291657	3.2424E-05
0.047595121	2.905E-05
0.026559111	2.6186E-05
0.0072629582	2.3989E-05
-0.01290616	2.198E-05
-0.03186889	2.0306E-05
-0.052498732	1.8406E-05
-0.07360144	1.638E-05
-0.095031507	1.4219E-05
-0.1139821	1.204E-05
-0.134618	9.4092E-06
-0.1550478	6.5912E-06
-0.17600501	3.5313E-06
-0.197229	4.8467E-07
-0.21814559	-2.2011E-06
-0.23784579	-4.1434E-06
-0.25742471	-5.2331E-06
-0.2771855	-5.6594E-06
-0.2971282	-5.768E-06
-0.31822261	-5.6794E-06
-0.3382864	-5.6649E-06
-0.35895649	-5.868E-06
-0.38011149	-6.2816E-06
-0.39878121	-6.9341E-06
-0.41890571	-8.002E-06
-0.4382422	-9.5768E-06
-0.45897281	-1.2255E-05
-0.4781881	-1.6209E-05
-0.49637291	-2.2062E-05
-0.48291609	-9.9358E-06
-0.4621855	-5.7789E-06
-0.44193971	-3.2884E-06
-0.42090601	-1.5771E-06
-0.40223631	-4.1572E-07
-0.38168749	6.365E-07
-0.36138111	1.6217E-06
-0.34071109	2.538E-06
-0.31955609	3.4173E-06
-0.29961339	4.293E-06
-0.27954951	5.1741E-06
-0.2596069	6.1765E-06
-0.23960359	7.4432E-06
-0.2196003	9.0211E-06
-0.1985666	1.115E-05
-0.1796544	1.3377E-05
-0.1590731	1.5894E-05
-0.13890401	1.8333E-05
-0.1179892	2.0627E-05
-0.099747941	2.2514E-05
-0.079445451	2.4365E-05
-0.059076279	2.6058E-05
-0.03824031	2.7854E-05
-0.018932041	2.9499E-05
0.001170393	3.1416E-05
0.020199809	3.3631E-05
0.041696548	3.6678E-05
0.06092602	4.0076E-05
0.083489731	4.5009E-05
0.1021857	4.973E-05
0.1228822	5.555E-05
0.1461613	6.2528E-05
0.1657242	6.8463E-05
0.1892761	7.5757E-05
0.2079054	8.1358E-05
0.2296247	8.7602E-05
0.24938551	9.3591E-05
0.2701768	9.9356E-05
0.29030129	0.00010485
0.31066829	0.00011021
0.33018661	0.00011522
0.34958369	0.00012005
0.36995071	0.00012485
0.39043891	0.00012997
0.41038159	0.0001344
0.42814201	0.00013854
0.45044881	0.0001436
0.47324029	0.00014835
0.49694121	0.00015323
0.51876289	0.00015786
0.53712958	0.00016175
0.55719352	0.00016587
0.57804543	0.00016973
0.59780622	0.0001741
0.61980969	0.00017838
0.63811582	0.00018157
0.65805852	0.00018557
0.67733443	0.00018913
0.69751948	0.00019288
0.7192806	0.0001967
0.74025369	0.00020069
0.7611056	0.00020255
0.77953279	0.00020564
0.80020303	0.00020922
0.78147262	0.00020491
0.76037818	0.00020212
0.73964763	0.00019739
0.72103852	0.00019357
0.69782257	0.00018836
0.67697072	0.00018363
0.65672487	0.00017926
0.63714588	0.00017471
0.61623353	0.00017041
0.59768498	0.00016604
0.57380229	0.00016077
0.55470818	0.00015635
0.53234088	0.00015122
0.51088291	0.00014645
0.49130389	0.00014198
0.47014889	0.00013698
0.45075181	0.00013231
0.43080911	0.00012752
0.41038159	0.00012243
0.38862041	0.00011699
0.3700113	0.00011209
0.34794709	0.00010628
0.3273983	0.00010067
0.3070313	9.4993E-05
0.28496709	8.8846E-05
0.2648426	8.3069E-05
0.24599101	7.7492E-05
0.2254422	7.1424E-05
0.20556021	6.5665E-05
0.1848295	5.9518E-05
0.16470499	5.3881E-05
0.1414146	4.7449E-05
0.1191782	4.1793E-05
0.098342247	3.6981E-05
0.078906663	3.3134E-05
0.059277091	2.9778E-05
0.038513869	2.692E-05
0.018290199	2.4493E-05
-0.002679137	2.2357E-05
-0.024976101	2.0269E-05
-0.044805739	1.8552E-05
-0.063622966	1.6853E-05
-0.082785748	1.5027E-05
-0.102876	1.2932E-05
-0.122639	1.0629E-05
-0.1419291	8.1491E-06
-0.1624862	5.3026E-06
-0.1827099	2.4386E-06
-0.2027335	-3.0001E-07
-0.2197216	-2.2835E-06
-0.24099781	-4.1325E-06
-0.26100111	-5.0354E-06
-0.28179231	-5.3132E-06
-0.30288669	-5.2822E-06
-0.32246569	-5.258E-06
-0.34192339	-5.3878E-06
-0.36241159	-5.6588E-06
-0.3832635	-6.1524E-06
-0.4029637	-6.9074E-06
-0.4239974	-8.1402E-06
-0.44472811	-1.0048E-05
-0.4633978	-1.2679E-05
-0.4837648	-1.7156E-05
-0.48612881	-1.7822E-05
