"ZView Export Data File: Version 3.5g"
"Export From File: C:\Users\owner1\Desktop\Data\Idei\M1\New_dataset\PEIS\deposition_TiO2_3h_Air_5_0V.z"
"Date/Time:  2022/08/19 15:28:51"
" "
" "
"C:\Users\owner1\Desktop\Data\Idei\M1\New_dataset\PEIS\deposition_TiO2_3h_Air_5_0V.txt"
"Pt."	"Frequency"	"Z'"	"Z''"	"Frequency (Hz)"	"|Z|"	"theta"
0	1.000000E+05	2.621000E+01	-2.288100E+00	1.000000E+05	2.630968E+01	-4.989201E+00
1	7.943282E+04	2.581300E+01	-1.913000E+00	7.943282E+04	2.588379E+01	-4.238439E+00
2	6.309573E+04	2.554400E+01	-1.695000E+00	6.309573E+04	2.560018E+01	-3.796359E+00
3	5.011872E+04	2.541500E+01	-1.609800E+00	5.011872E+04	2.546593E+01	-3.624304E+00
4	3.981072E+04	2.537100E+01	-1.621400E+00	3.981072E+04	2.542276E+01	-3.656664E+00
5	3.162278E+04	2.539400E+01	-1.686700E+00	3.162278E+04	2.544995E+01	-3.800073E+00
6	2.511886E+04	2.547200E+01	-1.824700E+00	2.511886E+04	2.553727E+01	-4.097414E+00
7	1.995262E+04	2.560500E+01	-2.016500E+00	1.995262E+04	2.568428E+01	-4.502986E+00
8	1.584893E+04	2.580000E+01	-2.249200E+00	1.584893E+04	2.589786E+01	-4.982352E+00
9	1.258925E+04	2.603400E+01	-2.523500E+00	1.258925E+04	2.615602E+01	-5.536437E+00
10	1.000000E+04	2.631900E+01	-2.829900E+00	1.000000E+04	2.647070E+01	-6.137041E+00
11	7.943282E+03	2.663200E+01	-3.173500E+00	7.943282E+03	2.682041E+01	-6.795389E+00
12	6.309573E+03	2.699200E+01	-3.546500E+00	6.309573E+03	2.722399E+01	-7.485260E+00
13	5.011872E+03	2.736000E+01	-3.985200E+00	5.011872E+03	2.764871E+01	-8.287302E+00
14	3.981072E+03	2.775700E+01	-4.497400E+00	3.981072E+03	2.811899E+01	-9.203514E+00
15	3.162278E+03	2.818000E+01	-5.121300E+00	3.162278E+03	2.864158E+01	-1.030025E+01
16	2.511886E+03	2.865400E+01	-5.885400E+00	2.511886E+03	2.925217E+01	-1.160687E+01
17	1.995262E+03	2.920700E+01	-6.821700E+00	1.995262E+03	2.999307E+01	-1.314655E+01
18	1.584893E+03	2.987900E+01	-7.956800E+00	1.584893E+03	3.092031E+01	-1.491184E+01
19	1.258925E+03	3.070900E+01	-9.318800E+00	1.258925E+03	3.209179E+01	-1.688068E+01
20	1.000000E+03	3.177000E+01	-1.091000E+01	1.000000E+03	3.359109E+01	-1.895277E+01
21	7.943282E+02	3.313400E+01	-1.272100E+01	7.943282E+02	3.549205E+01	-2.100309E+01
22	6.309573E+02	3.487600E+01	-1.470900E+01	6.309573E+02	3.785089E+01	-2.286765E+01
23	5.011872E+02	3.704100E+01	-1.682000E+01	5.011872E+02	4.068105E+01	-2.442239E+01
24	3.981072E+02	3.963900E+01	-1.895400E+01	3.981072E+02	4.393751E+01	-2.555552E+01
25	3.162278E+02	4.262400E+01	-2.098800E+01	3.162278E+02	4.751107E+01	-2.621557E+01
26	2.511886E+02	4.595300E+01	-2.296200E+01	2.511886E+02	5.137053E+01	-2.655059E+01
27	1.995262E+02	4.938800E+01	-2.457500E+01	1.995262E+02	5.516435E+01	-2.645450E+01
28	1.584893E+02	5.301100E+01	-2.644900E+01	1.584893E+02	5.924285E+01	-2.651618E+01
29	1.258925E+02	5.662700E+01	-2.828300E+01	1.258925E+02	6.329728E+01	-2.654036E+01
30	1.000000E+02	6.012400E+01	-3.063200E+01	1.000000E+02	6.747751E+01	-2.699795E+01
31	7.943282E+01	6.405000E+01	-3.285000E+01	7.943282E+01	7.198281E+01	-2.715241E+01
32	6.309573E+01	6.806100E+01	-3.582300E+01	6.309573E+01	7.691285E+01	-2.775948E+01
33	5.011872E+01	7.251900E+01	-3.935000E+01	5.011872E+01	8.250714E+01	-2.848498E+01
34	3.981072E+01	7.743500E+01	-4.363400E+01	3.981072E+01	8.888254E+01	-2.940091E+01
35	3.162278E+01	8.319900E+01	-4.843300E+01	3.162278E+01	9.626956E+01	-3.020516E+01
36	2.511886E+01	9.006400E+01	-5.399000E+01	2.511886E+01	1.050069E+02	-3.094111E+01
37	1.995262E+01	9.820300E+01	-5.986800E+01	1.995262E+01	1.150131E+02	-3.136795E+01
38	1.584893E+01	1.079100E+02	-6.598000E+01	1.584893E+01	1.264829E+02	-3.144309E+01
39	1.258925E+01	1.194700E+02	-7.190400E+01	1.258925E+01	1.394391E+02	-3.104198E+01
40	1.000000E+01	1.327500E+02	-7.699900E+01	1.000000E+01	1.534647E+02	-3.011502E+01
41	7.943280E+00	1.476800E+02	-8.085400E+01	7.943280E+00	1.683649E+02	-2.870047E+01
42	6.309570E+00	1.639700E+02	-8.284900E+01	6.309570E+00	1.837121E+02	-2.680607E+01
43	5.011870E+00	1.806700E+02	-8.239100E+01	5.011870E+00	1.985697E+02	-2.451442E+01
44	3.981070E+00	1.972600E+02	-7.993600E+01	3.981070E+00	2.128410E+02	-2.205935E+01
45	3.162280E+00	2.127800E+02	-7.533000E+01	3.162280E+00	2.257209E+02	-1.949537E+01
46	2.511890E+00	2.264900E+02	-6.918400E+01	2.511890E+00	2.368209E+02	-1.698590E+01
47	1.995260E+00	2.393700E+02	-6.242600E+01	1.995260E+00	2.473762E+02	-1.461676E+01
48	1.584890E+00	2.497700E+02	-5.539800E+01	1.584890E+00	2.558398E+02	-1.250554E+01
49	1.258930E+00	2.588900E+02	-4.854100E+01	1.258930E+00	2.634013E+02	-1.061947E+01
50	1.000000E+00	2.668100E+02	-4.198200E+01	1.000000E+00	2.700927E+02	-8.942056E+00
51	7.943300E-01	2.741600E+02	-3.575300E+01	7.943300E-01	2.764814E+02	-7.429970E+00
52	6.309600E-01	2.801700E+02	-3.100700E+01	6.309600E-01	2.818806E+02	-6.315343E+00
53	5.011900E-01	2.869700E+02	-2.705300E+01	5.011900E-01	2.882423E+02	-5.385425E+00
