"CView Export Data File: Version 2.0"
"Export From File: c:\users\owner1\desktop\data\idei\m2\20230526\hematite_butanol_2_light.txt"


  Open Circuit Potential (V): -0.343
"E (Volts)"	"I (Amps/cm^2~)"
-0.49800959	-1.3881E-05
-0.4798854	-7.6957E-06
-0.45745751	-4.3951E-06
-0.4369086	-2.2429E-06
-0.4174509	-6.8016E-07
-0.39781141	5.9468E-07
-0.37695941	1.7612E-06
-0.35689551	2.8485E-06
-0.33477071	4.4276E-06
-0.31397939	6.7877E-06
-0.29427919	1.0748E-05
-0.27324551	1.8576E-05
-0.2538484	3.0597E-05
-0.2331783	5.0173E-05
-0.2102655	7.9464E-05
-0.1905047	0.00011035
-0.1678634	0.00014981
-0.147076	0.00019058
-0.1269674	0.00023129
-0.1065983	0.00027398
-0.086223044	0.00031782
-0.0661873	0.0003622
-0.044017639	0.00041253
-0.0252489	0.00045625
-0.0044796262	0.00050591
0.01561068	0.00055497
0.034045991	0.0006019
0.053530071	0.00065241
0.073953807	0.00070638
0.093722813	0.00075926
0.1126128	0.0008091
0.1330305	0.00086307
0.1533269	0.00091503
0.1738719	0.00096427
0.1932347	0.0010084
0.2138039	0.0010521
0.23314039	0.0010885
0.2524769	0.0011239
0.27520791	0.0011582
0.29539299	0.0011855
0.31557819	0.0012101
0.33770299	0.0012317
0.35770631	0.0012491
0.3760123	0.001263
0.39686421	0.0012767
0.4196558	0.0012904
0.44105321	0.001303
0.4631781	0.0013114
0.482757	0.0013194
0.50445747	0.0013266
0.52440017	0.0013326
0.54416102	0.0013376
0.5642249	0.0013405
0.58234912	0.0013457
0.60635298	0.0013485
0.62750798	0.00135
0.64666271	0.0013545
0.66660529	0.0013566
0.68551749	0.0013584
0.70776361	0.0013613
0.72776687	0.0013624
0.74964923	0.0013657
0.77128911	0.0013696
0.78971642	0.0013756
0.79014069	0.0013741
0.76910692	0.001369
0.74970978	0.0013645
0.7292822	0.0013622
0.70885468	0.0013588
0.68982118	0.0013554
0.66939372	0.0013536
0.64890552	0.0013491
0.63023567	0.0013473
0.60823208	0.0013428
0.58604658	0.0013377
0.56513423	0.0013331
0.54591888	0.001327
0.52670372	0.0013232
0.50688219	0.0013165
0.4871214	0.0013095
0.46675441	0.0013005
0.44456899	0.0012913
0.42571741	0.0012819
0.40522921	0.0012702
0.3850441	0.0012564
0.36231309	0.0012384
0.3419461	0.0012202
0.3220641	0.0011998
0.30303061	0.0011772
0.28278491	0.0011505
0.26344839	0.0011216
0.2448999	0.0010898
0.2244723	0.00105
0.2050146	0.0010096
0.1843446	0.00096245
0.1628865	0.00091139
0.1430271	0.00085937
0.1234642	0.00080649
0.1026889	0.00074858
0.08071322	0.00068874
0.05854962	0.00062737
0.038580559	0.00057383
0.01848419	0.00052192
-0.001406064	0.00047335
-0.0241092	0.00041872
-0.045411959	0.00036918
-0.066902637	0.00032097
-0.086198799	0.00027974
-0.1057617	0.00023814
-0.12684619	0.00019576
-0.1477367	0.00015478
-0.16769969	0.00011953
-0.189924	8.3275E-05
-0.2099476	5.5264E-05
-0.22808661	3.4633E-05
-0.25027201	1.6216E-05
-0.27160889	5.322E-06
-0.28997549	-3.459E-08
-0.31161541	-3.1028E-06
-0.33167931	-4.5145E-06
-0.35101581	-5.2731E-06
-0.37150401	-5.8232E-06
-0.39181039	-6.3968E-06
-0.4142383	-7.2755E-06
-0.43509021	-8.6405E-06
-0.45594209	-1.0967E-05
-0.47600591	-1.4868E-05
-0.49697909	-2.1595E-05
-0.48103711	-1.1207E-05
-0.46012461	-6.3028E-06
-0.4394545	-3.1901E-06
-0.4179965	-9.36E-07
-0.39714459	6.9966E-07
-0.3752622	1.9807E-06
-0.35428911	3.1632E-06
-0.33434641	4.4482E-06
-0.3110092	6.6968E-06
-0.29100591	1.0012E-05
-0.27100271	1.5971E-05
-0.2509388	2.5937E-05
-0.22954141	4.2643E-05
-0.21105351	6.2716E-05
-0.1868677	9.5691E-05
-0.16769969	0.00012583
-0.1467789	0.00016341
-0.1223359	0.00021013
-0.1038945	0.00024718
-0.083113097	0.00029059
-0.06240445	0.0003351
-0.04316286	0.00037858
-0.023121061	0.00042466
-0.0029580011	0.00047226
0.017550601	0.00052259
0.03784702	0.00057389
0.059883319	0.00063125
0.080846593	0.00068734
0.099281892	0.00073682
0.1235006	0.00080249
0.1417965	0.00084991
0.1656878	0.00091218
0.185184	0.00095802
0.2046863	0.0010028
0.22647271	0.0010467
0.24720331	0.0010862
0.26938879	0.001122
0.29345331	0.0011573
0.31254739	0.0011802
0.33315679	0.0012023
0.35279641	0.0012213
0.37128431	0.001235
0.3934091	0.0012514
0.41371539	0.0012633
0.43293071	0.0012708
0.45475239	0.0012813
0.47693789	0.0012902
0.48960659	0.0012937
0.49985069	0.0012972
0.52106631	0.0013037
0.54143327	0.0013086
0.56016362	0.0013141
0.58307648	0.0013191
0.60114002	0.0013218
0.62144637	0.0013271
0.64163148	0.0013297
0.66145289	0.0013322
0.68066818	0.0013358
0.70018661	0.0013377
0.71988678	0.0013394
0.74055678	0.0013408
0.75874162	0.0013454
0.78123021	0.0013496
0.80074853	0.0013585
0.779836	0.0013461
0.75995398	0.0013409
0.7394051	0.0013372
0.72000802	0.0013321
0.69727701	0.0013305
0.67824358	0.0013274
0.65793723	0.0013248
0.63811582	0.0013208
0.61974919	0.0013169
0.59974593	0.0013131
0.57895458	0.0013109
0.55943632	0.0013064
0.54040283	0.001301
0.52003592	0.0012944
0.50057811	0.0012895
0.47924131	0.0012832
0.46020791	0.0012757
0.43990159	0.0012655
0.42026189	0.0012552
0.40056169	0.0012427
0.38019481	0.0012285
0.36104009	0.0012138
0.3419461	0.0011955
0.3220641	0.0011746
0.30193961	0.0011539
0.28060281	0.0011226
0.26090261	0.0010917
0.2396263	0.0010541
0.22041111	0.0010141
0.1985893	0.00096791
0.17664631	0.00091667
0.15516371	0.00086289
0.13658901	0.00081098
0.110879	0.000741
0.091243349	0.00068649
0.069019131	0.00062507
0.049316809	0.00057207
0.028292909	0.00051707
0.0080571128	0.00046656
-0.01103292	0.00042078
-0.031396031	0.00037403
-0.051619709	0.00032837
-0.071849443	0.00028429
-0.090333261	0.00024536
-0.1144974	0.00019733
-0.13892829	0.00015203
-0.1605463	0.00011376
-0.1810367	8.1855E-05
-0.200054	5.6011E-05
-0.22129761	3.2666E-05
-0.2409372	1.6998E-05
-0.26148599	6.1631E-06
-0.28215599	1.9172E-08
-0.30282611	-2.9894E-06
-0.32319301	-4.3823E-06
-0.34216589	-5.1124E-06
-0.36301771	-5.5873E-06
-0.38556689	-6.116E-06
-0.40544891	-6.7983E-06
-0.42478541	-7.7182E-06
-0.44460681	-9.3852E-06
-0.46521631	-1.2243E-05
-0.48503771	-1.6942E-05
-0.49140239	-1.896E-05
