"CView Export Data File: Version 2.0"
"Export From File: c:\users\owner1\desktop\data\idei\m1\20221220\pec\fto_tio2_hematite_new_700_12.txt"


  Open Circuit Potential (V): -0.2999
"E (Volts)"	"I (Amps/cm^2~)"
-0.49837321	-2.8798E-05
-0.49079621	-1.7408E-05
-0.47000489	-8.2973E-06
-0.44763759	-2.8602E-06
-0.42599779	-5.2682E-09
-0.40502459	1.7151E-06
-0.38490021	2.3737E-06
-0.36465439	2.8449E-06
-0.34252951	3.2226E-06
-0.32252631	3.4567E-06
-0.3024624	3.8642E-06
-0.28524739	4.353E-06
-0.26294079	5.8096E-06
-0.24221011	8.1552E-06
-0.22008529	1.312E-05
-0.20038509	1.9549E-05
-0.1792907	2.851E-05
-0.1581153	3.9056E-05
-0.1386373	5.0173E-05
-0.1186197	6.1897E-05
-0.09661375	7.555E-05
-0.075020008	8.9313E-05
-0.053874869	0.000103
-0.03453628	0.00011519
-0.01380337	0.00012837
0.0066688568	0.00014029
0.02660154	0.00015097
0.047601189	0.0001613
0.067727856	0.00017018
0.085993439	0.00017728
0.1067263	0.00018489
0.1257921	0.00019096
0.14664631	0.00019725
0.1666396	0.00020281
0.18570539	0.00020709
0.2056866	0.00021189
0.2275032	0.00021734
0.24762771	0.00022116
0.26690349	0.00022468
0.28793731	0.00022826
0.31006211	0.00023153
0.3319445	0.00023468
0.35328129	0.00023705
0.3749212	0.0002399
0.39522761	0.00024232
0.41359419	0.00024451
0.4346886	0.00024718
0.45541921	0.00024918
0.47590739	0.00025124
0.49627441	0.0002533
0.51700509	0.00025579
0.53518993	0.0002573
0.55719352	0.00025924
0.57689369	0.0002613
0.59701818	0.00026306
0.61677903	0.00026494
0.63490307	0.0002667
0.65563381	0.0002687
0.67594022	0.00027064
0.69539791	0.00027198
0.71449202	0.00027355
0.73467708	0.00027543
0.75425601	0.00027725
0.77492613	0.00027968
0.79377759	0.00028107
0.78795862	0.00027986
0.76662183	0.00027683
0.74716401	0.00027464
0.72491789	0.00027179
0.7046116	0.00026955
0.68551749	0.00026737
0.66545361	0.00026464
0.64551097	0.00026264
0.62465912	0.00025985
0.60617119	0.00025767
0.5822885	0.00025512
0.56119412	0.00025209
0.53682661	0.00024899
0.51718688	0.00024681
0.49712309	0.00024427
0.47784719	0.00024208
0.4566316	0.00023923
0.43717381	0.0002365
0.41704929	0.00023378
0.3948639	0.00023086
0.37286031	0.00022814
0.35091731	0.00022492
0.33182329	0.00022183
0.31145629	0.00021868
0.2918773	0.00021564
0.27278331	0.00021195
0.25211331	0.00020806
0.2322918	0.00020418
0.21162181	0.00019952
0.18901201	0.00019412
0.16791759	0.00018842
0.146331	0.00018272
0.1273865	0.00017708
0.1036528	0.00017011
0.084114142	0.0001635
0.063235737	0.00015591
0.042436149	0.00014727
0.022636831	0.00013808
0.001691747	0.00012708
-0.01790145	0.00011584
-0.037761401	0.0001038
-0.05863373	9.1042E-05
-0.078233004	7.8857E-05
-0.098493047	6.6296E-05
-0.1189653	5.3954E-05
-0.1379583	4.291E-05
-0.15749089	3.2066E-05
-0.1785512	2.1374E-05
-0.1979443	1.3026E-05
-0.22081269	5.0303E-06
-0.24318001	-1.2534E-07
-0.2634863	-2.7711E-06
-0.28433821	-3.9924E-06
-0.3063418	-4.6122E-06
-0.32683	-4.9536E-06
-0.3461059	-5.3617E-06
-0.36574551	-5.9244E-06
-0.38677919	-6.962E-06
-0.40654001	-8.6205E-06
-0.42739189	-1.1813E-05
-0.44854689	-1.7747E-05
-0.46855009	-2.7214E-05
-0.4884322	-4.1784E-05
-0.49703971	-3.966E-05
-0.47679389	-2.0175E-05
-0.45763931	-1.003E-05
-0.43672681	-3.7923E-06
-0.41484439	-3.0969E-07
-0.39296201	1.5635E-06
-0.3715646	2.518E-06
-0.35083401	3.0741E-06
-0.3324067	3.3864E-06
-0.311676	3.7951E-06
-0.29161209	4.1796E-06
-0.2718513	5.0516E-06
-0.25051451	6.755E-06
-0.2311174	9.6439E-06
-0.2115384	1.4257E-05
-0.1910502	2.0991E-05
-0.17025889	2.9736E-05
-0.15161049	3.8947E-05
-0.1305927	5.0264E-05
-0.109975	6.2091E-05
-0.088029593	7.5374E-05
-0.06768468	8.7802E-05
-0.046478909	0.00010128
-0.025739949	0.00011412
-0.0065286681	0.00012605
0.01354345	0.00013727
0.03236068	0.00014735
0.0515659	0.00015606
0.072165437	0.00016471
0.095026202	0.0001731
0.115165	0.00017943
0.1349583	0.00018535
0.1550304	0.00019075
0.1760906	0.00019634
0.1967508	0.00020144
0.2162286	0.0002057
0.2369592	0.0002097
0.25641701	0.0002131
0.27660209	0.0002168
0.298242	0.00022019
0.31654799	0.0002228
0.33861229	0.00022607
0.35916099	0.00022862
0.38134649	0.00023123
0.40316829	0.00023384
0.425475	0.00023644
0.44566011	0.0002385
0.4660877	0.00024099
0.48663649	0.00024299
0.50542742	0.00024499
0.52488518	0.00024705
0.54743427	0.0002493
0.56677079	0.00025118
0.58744079	0.00025275
0.60574692	0.00025476
0.62768978	0.00025651
0.65011781	0.00025876
0.67309117	0.00026076
0.69491303	0.00026258
0.71406758	0.0002644
0.7381928	0.00026676
0.75704432	0.00026834
0.7796542	0.00027101
0.79892999	0.00027264
0.78316993	0.0002701
0.76316649	0.00026791
0.74419379	0.00026549
0.72419047	0.00026337
0.70200509	0.00026039
0.68151689	0.00025815
0.66211969	0.00025573
0.64193457	0.00025336
0.623568	0.00025142
0.60289788	0.00024893
0.58289462	0.00024705
0.56167912	0.0002442
0.54203951	0.0002416
0.5223999	0.00023929
0.49918401	0.00023681
0.47736219	0.00023402
0.4570559	0.00023135
0.4353554	0.0002285
0.41553399	0.0002262
0.39522761	0.00022353
0.37443629	0.00022068
0.35516039	0.00021807
0.33491471	0.00021461
0.31515381	0.00021164
0.29321089	0.00020843
0.2740562	0.00020534
0.25356799	0.00020152
0.232898	0.00019721
0.21240979	0.00019303
0.1904062	0.00018793
0.1709484	0.00018308
0.1510596	0.00017799
0.13051461	0.00017205
0.1112488	0.00016647
0.091170602	0.00015998
0.069976963	0.00015264
0.049044009	0.00014421
0.02923863	0.00013519
0.0083723497	0.00012467
-0.01082681	0.00011404
-0.03035938	0.00010235
-0.049952589	9.0363E-05
-0.070952237	7.7334E-05
-0.089817964	6.5671E-05
-0.109878	5.3608E-05
-0.13001069	4.226E-05
-0.1505314	3.0961E-05
-0.1709915	2.0876E-05
-0.1936523	1.1578E-05
-0.21517541	4.6689E-06
-0.2368153	-5.0657E-07
-0.25742471	-2.9645E-06
-0.27664	-4.1755E-06
-0.29682511	-4.6679E-06
-0.31719211	-4.9245E-06
-0.33695289	-5.2064E-06
-0.35780481	-5.6734E-06
-0.3773838	-6.358E-06
-0.39793259	-7.5908E-06
-0.42017859	-1.0101E-05
-0.4398182	-1.4152E-05
-0.46054891	-2.1425E-05
-0.47933981	-3.2287E-05
-0.48903841	-3.9654E-05
