"CView Export Data File: Version 2.0"
"Export From File: c:\users\owner1\desktop\data\idei\m1\20221214_newsamples_withwithouttio2\pec\fto_tio2_hematite_new_700_6.txt"


  Open Circuit Potential (V): -0.295
"E (Volts)"	"I (Amps/cm^2~)"
-0.49710029	-2.3901E-05
-0.47703639	-1.4778E-05
-0.45703319	-9.3464E-06
-0.43666619	-5.9123E-06
-0.41690531	-3.7856E-06
-0.39587161	-2.2884E-06
-0.37392861	-1.1944E-06
-0.35447091	-4.9706E-07
-0.33137619	1.9149E-07
-0.31282771	7.7833E-07
-0.2922183	1.5963E-06
-0.27191189	2.9837E-06
-0.25172681	5.3026E-06
-0.2289958	9.6548E-06
-0.209235	1.5118E-05
-0.18771631	2.2982E-05
-0.1657477	3.3565E-05
-0.1446874	4.6557E-05
-0.1282769	5.8948E-05
-0.104622	7.9488E-05
-0.084549859	0.00010137
-0.064101882	0.00012901
-0.04470874	0.00016141
-0.024576001	0.00020277
-0.0049888552	0.00025124
0.01559855	0.00031218
0.036034409	0.00038422
0.056773379	0.00046559
0.078742981	0.00056061
0.0982695	0.00065163
0.1185114	0.00074871
0.1366981	0.00084039
0.15734009	0.0009476
0.17786691	0.0010538
0.199303	0.0011641
0.22186591	0.0012779
0.2430208	0.001383
0.26502439	0.0014898
0.28490651	0.0015802
0.30521289	0.0016666
0.3263678	0.0017565
0.34861389	0.0018412
0.368011	0.0019149
0.38692319	0.001979
0.4079569	0.0020462
0.4286876	0.0021105
0.44784221	0.0021668
0.46681511	0.002219
0.48639399	0.0022626
0.50554872	0.0023166
0.52767348	0.0023675
0.54967707	0.002413
0.56871051	0.0024511
0.58895618	0.0024972
0.60835338	0.0025342
0.62732607	0.0025645
0.64720821	0.0025978
0.66909063	0.0026354
0.69097298	0.0026718
0.71079439	0.0027057
0.73079759	0.0027391
0.75152832	0.0027724
0.77310759	0.0028003
0.79147428	0.0028252
0.79008007	0.0028215
0.77074349	0.0027991
0.7485581	0.0027645
0.73019153	0.0027324
0.70800602	0.002693
0.68806338	0.0026621
0.66824198	0.0026306
0.64981472	0.002593
0.62835658	0.0025554
0.60556507	0.002516
0.5853799	0.0024718
0.56664962	0.0024336
0.54785872	0.0023929
0.5277341	0.0023469
0.50712472	0.002299
0.4855454	0.002242
0.4663907	0.0021899
0.44584191	0.0021353
0.42735401	0.0020783
0.40692651	0.0020129
0.38734749	0.0019468
0.36849591	0.0018795
0.34891689	0.0018025
0.3293986	0.0017237
0.30775869	0.0016303
0.2882404	0.0015446
0.26635799	0.0014413
0.2462941	0.0013437
0.2242299	0.0012314
0.2040448	0.0011266
0.184587	0.0010246
0.1650687	0.0009214
0.1448397	0.00081462
0.1253617	0.00071723
0.1062899	0.00062149
0.087017953	0.00053199
0.067158021	0.00044516
0.046625171	0.00036439
0.02714715	0.00029714
0.006359681	0.0002362
-0.01310015	0.00018957
-0.032820661	0.00015126
-0.053753618	0.00011814
-0.074541077	9.2298E-05
-0.093667492	7.197E-05
-0.1131334	5.5774E-05
-0.1337208	4.1484E-05
-0.1543082	2.9899E-05
-0.1761687	1.9814E-05
-0.1973502	1.2208E-05
-0.21844859	6.4008E-06
-0.2377851	2.4543E-06
-0.26166779	-5.5346E-07
-0.28227729	-2.1138E-06
-0.30228049	-2.9918E-06
-0.32101089	-3.5358E-06
-0.34222639	-4.1956E-06
-0.3628965	-5.1155E-06
-0.38314229	-6.5126E-06
-0.40587321	-9.0499E-06
-0.42478541	-1.2369E-05
-0.446486	-1.841E-05
-0.46758029	-2.7785E-05
-0.48594701	-4.0255E-05
-0.4962517	-4.96E-05
-0.4824312	-3.037E-05
-0.46170059	-1.7869E-05
-0.44036371	-1.0469E-05
-0.42072421	-6.4969E-06
-0.39969039	-3.8663E-06
-0.3801721	-2.2751E-06
-0.35647121	-9.5187E-07
-0.33537689	-6.8533E-08
-0.31507051	6.5777E-07
-0.29427919	1.4469E-06
-0.27366981	2.4865E-06
-0.2534847	4.2269E-06
-0.2330571	7.0673E-06
-0.212084	1.1389E-05
-0.19014101	1.7897E-05
-0.17044079	2.5439E-05
-0.15057389	3.5063E-05
-0.1299683	4.743E-05
-0.1101629	6.2085E-05
-0.088890441	8.1716E-05
-0.070285387	0.0001027
-0.050352689	0.00012984
-0.03021995	0.00016402
-0.0093476148	0.00020673
0.01131254	0.00026064
0.031299789	0.00032303
0.05422724	0.00040653
0.076275639	0.000497
0.096935801	0.00059141
0.1146679	0.00067715
0.1350552	0.00077854
0.1548485	0.00088132
0.1741689	0.00098216
0.1946896	0.0010895
0.21847139	0.0012105
0.2387777	0.0013136
0.2607207	0.0014224
0.28048149	0.0015147
0.29999989	0.0016033
0.32200351	0.0016982
0.34303719	0.0017831
0.36304051	0.00186
0.38243759	0.0019322
0.40171349	0.0019948
0.42371711	0.0020632
0.44353849	0.0021208
0.4638449	0.0021777
0.4856666	0.0022365
0.50670028	0.0022869
0.5253095	0.0023341
0.5482223	0.0023832
0.56974101	0.0024263
0.59235072	0.0024736
0.61126292	0.0025081
0.63181168	0.0025481
0.65133011	0.0025778
0.66969669	0.002613
0.69182158	0.00265
0.7115218	0.0026827
0.7309795	0.0027118
0.75292248	0.0027476
0.77128911	0.0027736
0.79486883	0.0028046
0.78874648	0.0027973
0.76771277	0.0027621
0.74807322	0.0027324
0.72600901	0.0027009
0.7039448	0.0026627
0.68448699	0.0026288
0.66521108	0.0026015
0.64514732	0.0025651
0.62520462	0.0025245
0.60611057	0.0024893
0.58628923	0.0024536
0.56531602	0.0024014
0.54585832	0.0023578
0.52694613	0.0023166
0.5070641	0.0022681
0.48718199	0.002222
0.4685123	0.0021723
0.44802409	0.0021153
0.42820269	0.0020571
0.40662339	0.0019825
0.38734749	0.0019165
0.3667987	0.0018474
0.34576491	0.0017667
0.32600409	0.0016813
0.30497041	0.0015903
0.27957231	0.001477
0.2578111	0.0013723
0.2375048	0.0012704
0.21604671	0.001159
0.197377	0.0010608
0.1759796	0.00094766
0.1545151	0.00083693
0.1337882	0.00072766
0.1137828	0.00062761
0.094789773	0.00053702
0.071189411	0.00043412
0.052196369	0.00035905
0.031796891	0.00028841
0.01127011	0.00022898
-0.0089838803	0.0001812
-0.0310323	0.00014027
-0.052025881	0.00010944
-0.070412688	8.5896E-05
-0.091278963	6.7073E-05
-0.1112662	5.1017E-05
-0.1317202	3.7655E-05
-0.15124071	2.7078E-05
-0.1719615	1.8261E-05
-0.1914092	1.1573E-05
-0.2114692	6.3159E-06
-0.23178419	2.4246E-06
-0.25293911	-2.4E-07
-0.2745184	-1.7881E-06
-0.2935518	-2.6371E-06
-0.31422189	-3.201E-06
-0.33392209	-3.7298E-06
-0.3545315	-4.449E-06
-0.37386799	-5.529E-06
-0.39296201	-7.062E-06
-0.4139958	-9.7163E-06
-0.4330292	-1.3466E-05
-0.4568513	-2.0964E-05
-0.47861239	-3.267E-05
-0.49346331	-4.4217E-05
