"ZView Export Data File: Version 3.5g"
"Export From File: C:\Users\owner1\Desktop\Data\Idei\M2\20230529\Hematite_EtOH_01_5.z"
"Date/Time:  2023/05/29 20:02:00"
" "
" "
"C:\Users\owner1\Desktop\Data\Idei\M2\20230529\Hematite_EtOH_01_5.txt"
"Pt."	"Frequency"	"Z'"	"Z''"	"Frequency (Hz)"	"|Z|"	"theta"
0	1.000000E+05	2.825700E+01	-2.284000E+00	1.000000E+05	2.834916E+01	-4.621144E+00
1	7.943282E+04	2.786900E+01	-1.816000E+00	7.943282E+04	2.792810E+01	-3.728237E+00
2	6.309573E+04	2.763200E+01	-1.500400E+00	6.309573E+04	2.767271E+01	-3.108072E+00
3	5.011872E+04	2.749100E+01	-1.275300E+00	5.011872E+04	2.752056E+01	-2.656031E+00
4	3.981072E+04	2.741900E+01	-1.113800E+00	3.981072E+04	2.744161E+01	-2.326160E+00
5	3.162278E+04	2.738700E+01	-1.014200E+00	3.162278E+04	2.740577E+01	-2.120818E+00
6	2.511886E+04	2.737300E+01	-9.544800E-01	2.511886E+04	2.738964E+01	-1.997060E+00
7	1.995262E+04	2.737900E+01	-9.425900E-01	1.995262E+04	2.739522E+01	-1.971771E+00
8	1.584893E+04	2.738700E+01	-9.628700E-01	1.584893E+04	2.740392E+01	-2.013571E+00
9	1.258925E+04	2.740900E+01	-1.039000E+00	1.258925E+04	2.742869E+01	-2.170886E+00
10	1.000000E+04	2.743000E+01	-1.150600E+00	1.000000E+04	2.745412E+01	-2.401965E+00
11	7.943282E+03	2.745400E+01	-1.322700E+00	7.943282E+03	2.748584E+01	-2.758307E+00
12	6.309573E+03	2.748300E+01	-1.562100E+00	6.309573E+03	2.752736E+01	-3.253122E+00
13	5.011872E+03	2.752100E+01	-1.866700E+00	5.011872E+03	2.758423E+01	-3.880326E+00
14	3.981072E+03	2.757300E+01	-2.268600E+00	3.981072E+03	2.766617E+01	-4.703481E+00
15	3.162278E+03	2.764600E+01	-2.773200E+00	3.162278E+03	2.778474E+01	-5.728239E+00
16	2.511886E+03	2.775100E+01	-3.405900E+00	2.511886E+03	2.795922E+01	-6.996961E+00
17	1.995262E+03	2.791000E+01	-4.194500E+00	1.995262E+03	2.822343E+01	-8.546827E+00
18	1.584893E+03	2.809500E+01	-5.175100E+00	1.584893E+03	2.856765E+01	-1.043689E+01
19	1.258925E+03	2.836600E+01	-6.384000E+00	1.258925E+03	2.907551E+01	-1.268356E+01
20	1.000000E+03	2.875300E+01	-7.871600E+00	1.000000E+03	2.981102E+01	-1.531051E+01
21	7.943282E+02	2.930500E+01	-9.693600E+00	7.943282E+02	3.086663E+01	-1.830334E+01
22	6.309573E+02	3.010200E+01	-1.189800E+01	6.309573E+02	3.236808E+01	-2.156671E+01
23	5.011872E+02	3.124500E+01	-1.452100E+01	5.011872E+02	3.445445E+01	-2.492648E+01
24	3.981072E+02	3.287900E+01	-1.757900E+01	3.981072E+02	3.728337E+01	-2.813152E+01
25	3.162278E+02	3.511900E+01	-2.100900E+01	3.162278E+02	4.092337E+01	-3.088884E+01
26	2.511886E+02	3.811500E+01	-2.474000E+01	2.511886E+02	4.544030E+01	-3.298713E+01
27	1.995262E+02	4.224300E+01	-2.862900E+01	1.995262E+02	5.103029E+01	-3.412635E+01
28	1.584893E+02	4.689000E+01	-3.236600E+01	1.584893E+02	5.697570E+01	-3.461553E+01
29	1.258925E+02	5.256000E+01	-3.576100E+01	1.258925E+02	6.357203E+01	-3.423076E+01
30	1.000000E+02	5.876100E+01	-3.815200E+01	1.000000E+02	7.006019E+01	-3.299462E+01
31	7.943282E+01	6.545100E+01	-4.098000E+01	7.943282E+01	7.722172E+01	-3.205139E+01
32	6.309573E+01	7.217300E+01	-4.288700E+01	6.309573E+01	8.395378E+01	-3.071984E+01
33	5.011872E+01	7.881700E+01	-4.441600E+01	5.011872E+01	9.047044E+01	-2.940271E+01
34	3.981072E+01	8.543800E+01	-4.604900E+01	3.981072E+01	9.705752E+01	-2.832359E+01
35	3.162278E+01	9.193600E+01	-4.770400E+01	3.162278E+01	1.035756E+02	-2.742402E+01
36	2.511886E+01	9.852700E+01	-4.967700E+01	2.511886E+01	1.103421E+02	-2.675710E+01
37	1.995262E+01	1.053200E+02	-5.207900E+01	1.995262E+01	1.174927E+02	-2.631163E+01
38	1.584893E+01	1.124400E+02	-5.483400E+01	1.584893E+01	1.250980E+02	-2.599726E+01
39	1.258925E+01	1.200100E+02	-5.795100E+01	1.258925E+01	1.332693E+02	-2.577519E+01
40	1.000000E+01	1.284200E+02	-6.152200E+01	1.000000E+01	1.423961E+02	-2.559762E+01
41	7.943280E+00	1.374800E+02	-6.525700E+01	7.943280E+00	1.521816E+02	-2.539207E+01
42	6.309570E+00	1.476900E+02	-6.899200E+01	6.309570E+00	1.630099E+02	-2.503919E+01
43	5.011870E+00	1.589400E+02	-7.265400E+01	5.011870E+00	1.747585E+02	-2.456589E+01
44	3.981070E+00	1.712200E+02	-7.586300E+01	3.981070E+00	1.872738E+02	-2.389685E+01
45	3.162280E+00	1.843600E+02	-7.814600E+01	3.162280E+00	2.002384E+02	-2.297098E+01
46	2.511890E+00	1.985900E+02	-7.933900E+01	2.511890E+00	2.138520E+02	-2.177728E+01
47	1.995260E+00	2.132200E+02	-7.915300E+01	1.995260E+00	2.274378E+02	-2.036628E+01
48	1.584890E+00	2.276400E+02	-7.723400E+01	1.584890E+00	2.403852E+02	-1.874111E+01
49	1.258930E+00	2.421400E+02	-7.378500E+01	1.258930E+00	2.531324E+02	-1.694705E+01
50	1.000000E+00	2.531300E+02	-6.709300E+01	1.000000E+00	2.618707E+02	-1.484509E+01
51	7.943300E-01	2.622000E+02	-6.069100E+01	7.943300E-01	2.691324E+02	-1.303264E+01
52	6.309600E-01	2.719800E+02	-5.344800E+01	6.309600E-01	2.771819E+02	-1.111778E+01
53	5.011900E-01	2.796600E+02	-4.646000E+01	5.011900E-01	2.834929E+02	-9.432419E+00
54	3.981100E-01	2.848200E+02	-4.070400E+01	3.981100E-01	2.877138E+02	-8.133144E+00
55	3.162300E-01	2.904300E+02	-3.349500E+01	3.162300E-01	2.923551E+02	-6.578800E+00
