"ZView Export Data File: Version 3.5g"
"Export From File: C:\Users\owner1\Desktop\Data\Idei\M1\20221220\PEIS\FTO_TiO2_Hematite_New_700_10.z"
"Date/Time:  2022/12/22 14:12:06"
" "
" "
"C:\Users\owner1\Desktop\Data\Idei\M1\20221220\PEIS\FTO_TiO2_Hematite_New_700_10.txt"
"Pt."	"Frequency"	"Z'"	"Z''"	"Frequency (Hz)"	"|Z|"	"theta"
0	1.000000E+05	9.393200E+01	-2.646400E+00	1.000000E+05	9.396927E+01	-1.613800E+00
1	7.943282E+04	9.330100E+01	-2.149600E+00	7.943282E+04	9.332576E+01	-1.319827E+00
2	6.309573E+04	9.286900E+01	-1.847100E+00	6.309573E+04	9.288737E+01	-1.139423E+00
3	5.011872E+04	9.264700E+01	-1.731800E+00	5.011872E+04	9.266318E+01	-1.070874E+00
4	3.981072E+04	9.250400E+01	-1.678300E+00	3.981072E+04	9.251922E+01	-1.039403E+00
5	3.162278E+04	9.247700E+01	-1.747500E+00	3.162278E+04	9.249351E+01	-1.082566E+00
6	2.511886E+04	9.252100E+01	-1.870500E+00	2.511886E+04	9.253991E+01	-1.158193E+00
7	1.995262E+04	9.262500E+01	-2.050200E+00	1.995262E+04	9.264769E+01	-1.268001E+00
8	1.584893E+04	9.277300E+01	-2.290000E+00	1.584893E+04	9.280126E+01	-1.413996E+00
9	1.258925E+04	9.298000E+01	-2.603100E+00	1.258925E+04	9.301643E+01	-1.603653E+00
10	1.000000E+04	9.321400E+01	-2.950800E+00	1.000000E+04	9.326069E+01	-1.813161E+00
11	7.943282E+03	9.349300E+01	-3.358800E+00	7.943282E+03	9.355331E+01	-2.057505E+00
12	6.309573E+03	9.383700E+01	-3.829200E+00	6.309573E+03	9.391510E+01	-2.336768E+00
13	5.011872E+03	9.422700E+01	-4.372900E+00	5.011872E+03	9.432841E+01	-2.657084E+00
14	3.981072E+03	9.466100E+01	-5.005100E+00	3.981072E+03	9.479323E+01	-3.026635E+00
15	3.162278E+03	9.514300E+01	-5.739200E+00	3.162278E+03	9.531594E+01	-3.452003E+00
16	2.511886E+03	9.569800E+01	-6.610000E+00	2.511886E+03	9.592601E+01	-3.951227E+00
17	1.995262E+03	9.632300E+01	-7.669700E+00	1.995262E+03	9.662787E+01	-4.552560E+00
18	1.584893E+03	9.706300E+01	-8.926300E+00	1.584893E+03	9.747258E+01	-5.254369E+00
19	1.258925E+03	9.795500E+01	-1.042600E+01	1.258925E+03	9.850829E+01	-6.075496E+00
20	1.000000E+03	9.908400E+01	-1.219100E+01	1.000000E+03	9.983116E+01	-7.014250E+00
21	7.943282E+02	1.005300E+02	-1.423100E+01	7.943282E+02	1.015323E+02	-8.057240E+00
22	6.309573E+02	1.023500E+02	-1.650500E+01	6.309573E+02	1.036723E+02	-9.160675E+00
23	5.011872E+02	1.046500E+02	-1.899000E+01	5.011872E+02	1.063590E+02	-1.028509E+01
24	3.981072E+02	1.074000E+02	-2.153600E+01	3.981072E+02	1.095379E+02	-1.133866E+01
25	3.162278E+02	1.106200E+02	-2.417600E+01	3.162278E+02	1.132310E+02	-1.232815E+01
26	2.511886E+02	1.143100E+02	-2.663900E+01	2.511886E+02	1.173730E+02	-1.311818E+01
27	1.995262E+02	1.180800E+02	-2.938500E+01	1.995262E+02	1.216814E+02	-1.397457E+01
28	1.584893E+02	1.222300E+02	-3.154100E+01	1.584893E+02	1.262339E+02	-1.446932E+01
29	1.258925E+02	1.263300E+02	-3.407800E+01	1.258925E+02	1.308456E+02	-1.509643E+01
30	1.000000E+02	1.307100E+02	-3.739100E+01	1.000000E+02	1.359529E+02	-1.596375E+01
31	7.943282E+01	1.346100E+02	-4.030900E+01	7.943282E+01	1.405157E+02	-1.667034E+01
32	6.309573E+01	1.389100E+02	-4.446800E+01	6.309573E+01	1.458540E+02	-1.775096E+01
33	5.011872E+01	1.436600E+02	-4.957700E+01	5.011872E+01	1.519739E+02	-1.903953E+01
34	3.981072E+01	1.484900E+02	-5.585000E+01	3.981072E+01	1.586458E+02	-2.061226E+01
35	3.162278E+01	1.542200E+02	-6.356200E+01	3.162278E+01	1.668051E+02	-2.239908E+01
36	2.511886E+01	1.609300E+02	-7.274300E+01	2.511886E+01	1.766069E+02	-2.432375E+01
37	1.995262E+01	1.690600E+02	-8.363500E+01	1.995262E+01	1.886163E+02	-2.632188E+01
38	1.584893E+01	1.792200E+02	-9.646200E+01	1.584893E+01	2.035307E+02	-2.829057E+01
39	1.258925E+01	1.916700E+02	-1.109700E+02	1.258925E+01	2.214763E+02	-3.006929E+01
40	1.000000E+01	2.074700E+02	-1.272700E+02	1.000000E+01	2.433957E+02	-3.152654E+01
41	7.943280E+00	2.275000E+02	-1.444900E+02	7.943280E+00	2.695062E+02	-3.242048E+01
42	6.309570E+00	2.521500E+02	-1.621400E+02	6.309570E+00	2.997816E+02	-3.274223E+01
43	5.011870E+00	2.821000E+02	-1.785600E+02	5.011870E+00	3.338624E+02	-3.233246E+01
44	3.981070E+00	3.174800E+02	-1.920400E+02	3.981070E+00	3.710430E+02	-3.116926E+01
45	3.162280E+00	3.573100E+02	-2.004100E+02	3.162280E+00	4.096762E+02	-2.928744E+01
46	2.511890E+00	3.992600E+02	-2.026500E+02	2.511890E+00	4.477450E+02	-2.691071E+01
47	1.995260E+00	4.413600E+02	-1.975900E+02	1.995260E+00	4.835705E+02	-2.411732E+01
48	1.584890E+00	4.806400E+02	-1.859100E+02	1.584890E+00	5.153420E+02	-2.114631E+01
49	1.258930E+00	5.151000E+02	-1.698600E+02	1.258930E+00	5.423840E+02	-1.825055E+01
50	1.000000E+00	5.446800E+02	-1.502100E+02	1.000000E+00	5.650127E+02	-1.541761E+01
51	7.943300E-01	5.682300E+02	-1.295300E+02	7.943300E-01	5.828064E+02	-1.284135E+01
52	6.309600E-01	5.853700E+02	-1.108300E+02	6.309600E-01	5.957695E+02	-1.072109E+01
53	5.011900E-01	6.003100E+02	-9.528700E+01	5.011900E-01	6.078254E+02	-9.019294E+00
